chr1A	10000	13000	171
chr1A	1060850	1063850	177
chr1A	1106902	1109902	575
chr1A	1135318	1138318	803
chr1A	1158623	1161623	415
chr1A	1176830	1179830	66
chr1A	1188780	1191780	244
chr1A	136080	139080	101
chr1A	157975	160975	19
chr1A	179869	182869	50
chr1A	192130	195130	30
chr1A	215859	218859	419
chr1A	250070	253070	76
chr1A	261439	264439	1
chr1A	278580	281580	144
chr1A	324350	327350	125
chr1A	44150	47150	73
chr1A	352774	355774	1070
chr1A	378348	381348	828
chr1A	398245	401245	35
chr1A	415300	418300	922
chr1A	435210	438210	23
chr1A	455120	458120	23319
chr1A	466495	469495	3543
chr1A	477867	480867	836
chr1A	502504	505504	1443
chr1A	526183	529183	701
chr1A	546080	549080	14
chr1A	568817	571817	705
chr1A	597230	600230	118
chr1A	624019	627019	189
chr1A	654080	657080	1
chr1A	682516	685516	788
chr1A	702407	705407	11
chr1A	716635	719635	18
chr1A	750759	753759	464
chr1A	776333	779333	274
chr1A	819000	822000	158
chr1A	841757	844757	16
chr1A	864550	867550	12
chr1A	875955	878955	2
chr1A	887360	890360	330
chr1A	980240	983240	301
chr1B	10000	13000	202
chr1B	1023080	1026080	24
chr1B	1034449	1037449	170
chr1B	1068554	1071554	504
chr1B	1088450	1091450	18
chr1B	1102660	1105660	60
chr1B	1125396	1128396	623
chr1B	21370	24370	55
chr1B	123760	126760	66
chr1B	1148140	1151140	519
chr1B	135130	138130	1
chr1B	146500	149500	69
chr1B	192013	195013	813
chr1B	214750	217750	3
chr1B	226119	229119	145
chr1B	266893	269893	1108
chr1B	294370	297370	833
chr1B	321842	324842	469
chr1B	339840	342840	599
chr1B	356910	359910	8
chr1B	385428	388428	736
chr1B	408480	411480	205
chr1B	428587	431587	26
chr1B	456000	459000	33194
chr1B	481844	484844	7611
chr1B	511214	514214	805
chr1B	533950	536950	20
chr1B	556690	559690	1684
chr1B	576587	579587	66
chr1B	590800	593800	1322
chr1B	607870	610870	10
chr1B	636306	639306	972
chr1B	656205	659205	72
chr1B	670420	673420	1843
chr1B	78253	81253	670
chr1B	716000	719000	234
chr1B	727370	730370	3
chr1B	738740	741740	295
chr1B	761480	764480	960
chr1B	787053	790053	120
chr1B	806949	809949	26
chr1B	818319	821319	8
chr1B	841070	844070	187
chr1B	880895	883895	563
chr1B	909316	912316	362
chr1B	929207	932207	200
chr1B	103847	106847	16
chr1B	949120	952120	4
chr1B	966190	969190	36
chr1B	1006020	1009020	448
chr1D	1010660	1013660	156
chr1D	1022030	1025030	80
chr1D	112315	115315	5
chr1D	1044768	1047768	259
chr1D	1107606	1110606	76
chr1D	1124730	1127730	15
chr1D	1136100	1139100	96
chr1D	21363	24363	795
chr1D	1147470	1150470	10
chr1D	1158840	1161840	168
chr1D	1181582	1184582	276
chr1D	129370	132370	176
chr1D	1210000	1213000	240
chr1D	1238412	1241412	444
chr1D	1266826	1269826	198
chr1D	1283870	1286870	76
chr1D	1306620	1309620	112
chr1D	1317990	1320990	24
chr1D	1329360	1332360	181
chr1D	1346430	1349430	10
chr1D	1369183	1372183	446
chr1D	157790	160790	273
chr1D	174865	177865	9
chr1D	197620	200620	545
chr1D	226050	229050	332
chr1D	262051	265051	96
chr1D	280047	283047	56
chr1D	317030	320030	628
chr1D	41257	44257	120
chr1D	339820	342820	54
chr1D	368295	371295	808
chr1D	385349	388349	6
chr1D	396719	399719	421
chr1D	408090	411090	158
chr1D	428315	431315	223
chr1D	456575	459575	422
chr1D	487673	490673	23019
chr1D	514668	517668	1168
chr1D	533140	536140	1379
chr1D	544510	547510	223
chr1D	567247	570247	3548
chr1D	589980	592980	8
chr1D	601350	604350	430
chr1D	624094	627094	330
chr1D	75225	78225	102
chr1D	669573	672573	1131
chr1D	697985	700985	119
chr1D	726397	729397	1073
chr1D	760504	763504	248
chr1D	787784	790784	290
chr1D	805975	808975	7
chr1D	817350	820350	120
chr1D	828720	831720	4
chr1D	851457	854457	88
chr1D	871347	874347	53
chr1D	96607	99607	391
chr1D	885560	888560	6
chr1D	902615	905615	355
chr1D	948125	951125	424
chr1D	965180	968180	15
chr1D	982230	985230	252
chr1D	999285	1002285	26
chr2A	15685	18685	132
chr2A	118219	121219	598
chr2A	158050	161050	453
chr2A	175120	178120	10
chr2A	192190	195190	183
chr2A	203565	206565	17
chr2A	224022	227022	241
chr2A	251285	254285	164
chr2A	305990	308990	45
chr2A	340093	343093	239
chr2A	49790	52790	176
chr2A	408407	411407	305
chr2A	428297	431297	377
chr2A	499750	502750	272
chr2A	522486	525486	824
chr2A	602340	605340	50409
chr2A	628332	631332	183
chr2A	654280	657280	4
chr2A	671440	674440	317
chr2A	694745	697745	49
chr2A	718050	721050	445
chr2A	729935	732935	101
chr2A	752346	755346	2175
chr2A	773077	776077	505
chr2A	832866	835866	673
chr2A	861282	864282	285
chr2A	902966	905966	627
chr2A	926076	929076	2251
chr2B	10000	13000	650
chr2B	1016961	1019961	79
chr2B	112430	115430	4
chr2B	1056748	1059748	1155
chr2B	1076640	1079640	339
chr2B	1125060	1128060	131
chr2B	129505	132505	10
chr2B	157943	160943	504
chr2B	186355	189355	307
chr2B	203400	206400	106
chr2B	231830	234830	182
chr2B	32790	35790	10
chr2B	248885	251885	18
chr2B	265940	268940	1051
chr2B	351596	354596	1360
chr2B	380010	383010	260
chr2B	402740	405740	794
chr2B	419795	422795	83
chr2B	431170	434170	352
chr2B	453960	456960	3
chr2B	55580	58580	239
chr2B	476750	479750	458
chr2B	523880	526880	2106
chr2B	556360	559360	4501
chr2B	66950	69950	4
chr2B	584784	587784	2074
chr2B	614015	617015	35989
chr2B	639725	642725	1882
chr2B	668145	671145	3231
chr2B	696024	699024	403
chr2B	724985	727985	3418
chr2B	84005	87005	677
chr2B	763882	766882	8
chr2B	789515	792515	1231
chr2B	806570	809570	18
chr2B	817940	820940	48
chr2B	846365	849365	259
chr2B	863420	866420	4
chr2B	874790	877790	393
chr2B	891860	894860	17
chr2B	914615	917615	86
chr2B	101060	104060	5
chr2B	934790	937790	5
chr2B	949280	952280	5
chr2B	963229	966229	16
chr2B	988543	991543	1238
chr2D	112310	115310	300
chr2D	21367	24367	853
chr2D	132207	135207	129
chr2D	146420	149420	408
chr2D	157795	160795	25
chr2D	169170	172170	386
chr2D	213292	216292	133
chr2D	230500	233500	40
chr2D	244110	247110	20
chr2D	257719	260719	405
chr2D	286145	289145	152
chr2D	312610	315610	62
chr2D	329470	332470	20
chr2D	339069	342069	5
chr2D	354355	357355	727
chr2D	371410	374410	21
chr2D	46938	49938	210
chr2D	382780	385780	149
chr2D	394150	397150	42
chr2D	411205	414205	213
chr2D	436802	439802	18
chr2D	456715	459715	878
chr2D	473770	476770	14
chr2D	496507	499507	1316
chr2D	519245	522245	11
chr2D	541983	544983	289
chr2D	564720	567720	102
chr2D	576090	579090	408
chr2D	587460	590460	83
chr2D	610197	613197	2646
chr2D	639425	642425	5248
chr2D	667027	670027	27741
chr2D	686919	689919	1217
chr2D	701130	704130	195
chr2D	725761	728761	2375
chr2D	83890	86890	517
chr2D	753227	756227	718
chr2D	780693	783693	1099
chr2D	810057	813057	826
chr2D	826160	829160	737
chr2D	848900	851900	2639
chr3A	10000	13000	213
chr3A	112535	115535	65
chr3A	1076300	1079300	711
chr3A	1127492	1130492	402
chr3A	123910	126910	159
chr3A	1155906	1158906	485
chr3A	1172950	1175950	35
chr3A	1207065	1210065	923
chr3A	1226950	1229950	47
chr3A	1252540	1255540	134
chr3A	135280	138280	22
chr3A	1309484	1312484	15
chr3A	1329370	1332370	344
chr3A	1366360	1369360	418
chr3A	146650	149650	456
chr3A	1383430	1386430	2
chr3A	1400500	1403500	143
chr3A	1440329	1443329	503
chr3A	1537940	1540940	559
chr3A	1549310	1552310	20
chr3A	1566366	1569366	318
chr3A	1646346	1649346	326
chr3A	1726313	1729313	560
chr3A	192160	195160	241
chr3A	214899	217899	135
chr3A	231975	234975	11
chr3A	249050	252050	427
chr3A	300675	303675	402
chr3A	348046	351046	485
chr3A	382511	385511	191
chr3A	410260	413260	837
chr3A	444370	447370	509
chr3A	455740	458740	60
chr3A	55580	58580	179
chr3A	478477	481477	680
chr3A	506903	509903	1809
chr3A	536950	539950	2846
chr3A	562798	565798	26750
chr3A	586485	589485	7236
chr3A	606397	609397	32
chr3A	626310	629310	687
chr3A	637685	640685	3
chr3A	660423	663423	577
chr3A	688835	691835	795
chr3A	78370	81370	10
chr3A	717247	720247	883
chr3A	745685	748685	16
chr3A	768435	771435	278
chr3A	785490	788490	252
chr3A	796860	799860	5
chr3A	808229	811229	484
chr3A	830973	833973	737
chr3A	905090	908090	212
chr3A	101160	104160	246
chr3A	922140	925140	12
chr3A	939195	942195	294
chr3A	961949	964949	6
chr3A	984705	987705	253
chr3B	15685	18685	289
chr3B	1058250	1061250	1247
chr3B	1121062	1124062	1290
chr3B	123940	126940	166
chr3B	1149478	1152478	518
chr3B	1166530	1169530	249
chr3B	1183600	1186600	3
chr3B	1200670	1203670	107
chr3B	1212040	1215040	37
chr3B	1229093	1232093	1009
chr3B	146680	149680	44
chr3B	158055	161055	8
chr3B	169429	172429	50
chr3B	180799	183799	2
chr3B	197850	200850	689
chr3B	214905	217905	36
chr3B	237643	240643	676
chr3B	260380	263380	9
chr3B	271750	274750	180
chr3B	328820	331820	693
chr3B	340190	343190	37
chr3B	351560	354560	19
chr3B	362930	365930	42
chr3B	379985	382985	414
chr3B	408410	411410	1170
chr3B	435880	438880	1406
chr3B	467144	470144	7802
chr3B	492719	495719	22464
chr3B	523984	526984	6835
chr3B	550505	553505	2440
chr3B	578916	581916	7993
chr3B	598815	601815	1136
chr3B	624393	627393	4409
chr3B	652830	655830	24
chr3B	676527	679527	518
chr3B	703997	706997	404
chr3B	84115	87115	769
chr3B	760873	763873	1166
chr3B	780767	783767	45
chr3B	794980	797980	754
chr3B	806350	809350	229
chr3B	824865	827865	201
chr3B	869080	872080	72
chr3B	926027	929027	462
chr3B	945917	948917	248
chr3D	15685	18685	660
chr3D	1012960	1015960	5
chr3D	1024330	1027330	102
chr3D	1058438	1061438	294
chr3D	1078330	1081330	141
chr3D	1103910	1106910	103
chr3D	1115290	1118290	44
chr3D	1138022	1141022	611
chr3D	125132	128132	567
chr3D	1163595	1166595	536
chr3D	1197710	1200710	345
chr3D	1229010	1232010	691
chr3D	1263114	1266114	687
chr3D	153545	156545	507
chr3D	170590	173590	77
chr3D	193340	196340	78
chr3D	204710	207710	8
chr3D	216080	219080	14
chr3D	227450	230450	205
chr3D	32740	35740	1
chr3D	238820	241820	353
chr3D	319050	322050	260
chr3D	375996	378996	669
chr3D	404410	407410	336
chr3D	432823	435823	789
chr3D	458402	461402	913
chr3D	55476	58476	315
chr3D	478300	481300	65
chr3D	506830	509830	5
chr3D	546730	549730	42121
chr3D	575155	578155	1922
chr3D	592210	595210	20
chr3D	603580	606580	607
chr3D	614950	617950	2
chr3D	637686	640686	2065
chr3D	657585	660585	22
chr3D	677480	680480	2054
chr3D	707527	710527	583
chr3D	81322	84322	119
chr3D	725797	728797	420
chr3D	740010	743010	205
chr3D	751380	754380	982
chr3D	774119	777119	690
chr3D	802536	805536	298
chr3D	830953	833953	880
chr3D	853690	856690	62
chr3D	867910	870910	149
chr3D	899200	902200	432
chr3D	102035	105035	24
chr3D	939030	942030	1546
chr3D	964625	967625	25
chr3D	990223	993223	635
chr4A	10000	13000	91
chr4A	1014353	1017353	301
chr4A	1042820	1045820	8
chr4A	1070593	1073593	396
chr4A	1093350	1096350	19
chr4A	1121788	1124788	7653
chr4A	1142626	1145626	546
chr4A	1155890	1158890	5
chr4A	1172943	1175943	148
chr4A	1212738	1215738	290
chr4A	1232625	1235625	193
chr4A	1269575	1272575	244
chr4A	1292310	1295310	7
chr4A	1315052	1318052	458
chr4A	1337790	1340790	12
chr4A	1349160	1352160	157
chr4A	1377583	1380583	774
chr4A	1411693	1414693	221
chr4A	1428750	1431750	4
chr4A	1440120	1443120	36
chr4A	1479943	1482943	533
chr4A	1531210	1534210	254
chr4A	163840	166840	150
chr4A	1576790	1579790	9
chr4A	27075	30075	12
chr4A	197950	200950	266
chr4A	217865	220865	5
chr4A	243460	246460	73
chr4A	271880	274880	19
chr4A	309400	312400	154
chr4A	369733	372733	136
chr4A	395303	398303	396
chr4A	49830	52830	49
chr4A	449410	452410	297
chr4A	469315	472315	13
chr4A	489219	492219	350
chr4A	509170	512170	5
chr4A	529120	532120	117
chr4A	540495	543495	17
chr4A	554717	557717	321
chr4A	568940	571940	13
chr4A	586010	589010	6448
chr4A	605922	608922	146
chr4A	633140	636140	37583
chr4A	655388	658388	214
chr4A	745590	748590	255
chr4A	774951	777951	700
chr4A	791050	794050	201
chr4A	802425	805425	6
chr4A	825163	828163	243
chr4A	845050	848050	247
chr4A	101090	104090	129
chr4A	927867	930867	178
chr4A	956420	959420	13
chr4A	973610	976610	155
chr4B	15685	18685	207
chr4B	1014227	1017227	349
chr4B	1034115	1037115	196
chr4B	114100	117100	96
chr4B	138370	141370	147
chr4B	161110	164110	20
chr4B	200935	203935	53
chr4B	229360	232360	20
chr4B	246435	249435	21
chr4B	263510	266510	78
chr4B	297650	300650	15
chr4B	331757	334757	201
chr4B	357332	360332	275
chr4B	400000	403000	152
chr4B	417070	420070	4
chr4B	434140	437140	97
chr4B	468253	471253	1009
chr4B	491006	494006	34
chr4B	513760	516760	33122
chr4B	525130	528130	170
chr4B	539352	542352	1852
chr4B	564950	567950	4812
chr4B	592569	595569	7437
chr4B	618962	621962	4855
chr4B	674891	677891	1548
chr4B	692887	695887	341
chr4B	78430	81430	457
chr4B	707099	710099	51
chr4B	724155	727155	494
chr4B	741210	744210	18
chr4B	765841	768841	240
chr4B	783837	786837	338
chr4B	809470	812470	8
chr4B	832260	835260	62
chr4B	843630	846630	11
chr4B	860685	863685	298
chr4B	883439	886439	8
chr4B	906195	909195	163
chr4B	940300	943300	268
chr4B	974730	977730	57
chr4B	988794	991794	52
chr4D	15685	18685	570
chr4D	135160	138160	61
chr4D	180740	183740	155
chr4D	237810	240810	115
chr4D	38440	41440	11
chr4D	318030	321030	72
chr4D	363620	366620	111
chr4D	398000	401000	190
chr4D	420915	423915	6
chr4D	449515	452515	368
chr4D	466569	469569	21
chr4D	477939	480939	596
chr4D	489310	492310	39
chr4D	500680	503680	395
chr4D	61195	64195	72
chr4D	546193	549193	46160
chr4D	574630	577630	86
chr4D	604961	607961	914
chr4D	622957	625957	137
chr4D	648590	651590	6
chr4D	682746	685746	981
chr4D	705490	708490	242
chr4D	797420	800420	370
chr4D	831560	834560	57
chr4D	842935	845935	26
chr4D	854310	857310	664
chr4D	871380	874380	13
chr4D	888450	891450	245
chr4D	899820	902820	210
chr4D	911190	914190	294
chr4D	101020	104020	3
chr5A	10000	13000	9429
chr5A	1015759	1018759	1
chr5A	1027129	1030129	98
chr5A	1038500	1041500	37
chr5A	1049870	1052870	694
chr5A	1118302	1121302	1162
chr5A	135039	138039	1014
chr5A	163530	166530	615
chr5A	181260	184260	47
chr5A	250822	253822	198
chr5A	34870	37870	656
chr5A	283040	286040	387
chr5A	294410	297410	9
chr5A	317143	320143	732
chr5A	351250	354250	302
chr5A	363165	366165	1
chr5A	375080	378080	50
chr5A	387000	390000	21
chr5A	404600	407600	222
chr5A	421655	424655	11
chr5A	444393	447393	755
chr5A	472830	475830	6
chr5A	495585	498585	434
chr5A	60208	63208	1652
chr5A	512640	515640	2
chr5A	529690	532690	227
chr5A	552445	555445	17
chr5A	580883	583883	1064
chr5A	603620	606620	161
chr5A	614990	617990	505
chr5A	683423	686423	662
chr5A	752550	755550	557
chr5A	769965	772965	5
chr5A	87943	90943	2404
chr5A	793065	796065	188
chr5A	832857	835857	547
chr5A	901167	904167	544
chr5A	922006	925006	345
chr5A	935270	938270	5
chr5A	958460	961460	465
chr5A	979680	982680	196
chr5A	993020	996020	52
chr5A	1004389	1007389	27
chr5A	109457	112457	1123
chr5B	10000	13000	410
chr5B	1012547	1015547	584
chr5B	1035290	1038290	29
chr5B	1058022	1061022	792
chr5B	1092128	1095128	664
chr5B	118255	121255	464
chr5B	1119600	1122600	871
chr5B	1149066	1152066	1241
chr5B	1252980	1255980	252
chr5B	1287120	1290120	403
chr5B	138167	141167	7
chr5B	1309858	1312858	361
chr5B	1343968	1346968	227
chr5B	1363860	1366860	19
chr5B	1400812	1403812	487
chr5B	1420700	1423700	368
chr5B	1434910	1437910	11
chr5B	1457648	1460648	1114
chr5B	1480389	1483389	20
chr5B	1491770	1494770	43
chr5B	1531613	1534613	88
chr5B	163765	166765	267
chr5B	1560040	1563040	586
chr5B	192190	195190	125
chr5B	272420	275420	612
chr5B	300950	303950	36
chr5B	329480	332480	238
chr5B	365216	368216	2728
chr5B	393426	396426	29509
chr5B	49825	52825	202
chr5B	409055	412055	1700
chr5B	420424	423424	43
chr5B	434647	437647	1529
chr5B	448870	451870	3
chr5B	465940	468940	2390
chr5B	477310	480310	85
chr5B	500050	503050	531
chr5B	519940	522940	1364
chr5B	534275	537275	3
chr5B	545770	548770	83
chr5B	591610	594610	359
chr5B	614400	617400	23
chr5B	648553	651553	2626
chr5B	691212	694212	180
chr5B	705435	708435	49
chr5B	716810	719810	175
chr5B	773753	776753	398
chr5B	796490	799490	20
chr5B	819227	822227	1865
chr5B	839117	842117	230
chr5B	859030	862030	7
chr5B	881785	884785	626
chr5B	932977	935977	1004
chr5B	960442	963442	193
chr5B	978439	981439	207
chr5B	989810	992810	3
chr5D	10000	13000	538
chr5D	112330	115330	90
chr5D	1045964	1048964	428
chr5D	1074378	1077378	233
chr5D	1102794	1105794	344
chr5D	1131213	1134213	522
chr5D	123702	126702	314
chr5D	1159640	1162640	33
chr5D	1188070	1191070	343
chr5D	1205120	1208120	6
chr5D	1216495	1219495	157
chr5D	1239236	1242236	127
chr5D	135075	138075	16
chr5D	1273350	1276350	128
chr5D	1284719	1287719	15
chr5D	1296090	1299090	103
chr5D	1341596	1344596	1312
chr5D	1364330	1367330	58
chr5D	146450	149450	784
chr5D	1387072	1390072	535
chr5D	1409810	1412810	5
chr5D	1427420	1430420	76
chr5D	1483800	1486800	337
chr5D	157820	160820	42
chr5D	1532440	1535440	31
chr5D	1545120	1548120	17
chr5D	1569156	1572156	800
chr5D	1614633	1617633	423
chr5D	174869	177869	413
chr5D	1660140	1663140	206
chr5D	1705652	1708652	1740
chr5D	208980	211980	345
chr5D	226035	229035	4
chr5D	250397	253397	592
chr5D	279089	282089	755
chr5D	38425	41425	325
chr5D	304903	307903	20133
chr5D	334035	337035	3936
chr5D	362453	365453	1728
chr5D	388027	391027	360
chr5D	419293	422293	719
chr5D	444863	447863	890
chr5D	464760	467760	72
chr5D	476130	479130	207
chr5D	487500	490500	56
chr5D	506760	509760	412
chr5D	528682	531682	540
chr5D	66850	69850	108
chr5D	613590	616590	690
chr5D	636414	639414	388
chr5D	661476	664476	1023
chr5D	78220	81220	14
chr5D	699100	702100	5
chr5D	727630	730630	275
chr5D	761743	764743	380
chr5D	790155	793155	487
chr5D	818567	821567	282
chr5D	838457	841457	497
chr5D	852670	855670	1
chr5D	95275	98275	957
chr5D	864040	867040	60
chr5D	875415	878415	4
chr5D	886790	889790	81
chr5D	898160	901160	23
chr5D	909530	912530	277
chr5D	920900	923900	20
chr5D	932270	935270	216
chr5D	943640	946640	41
chr5D	955010	958010	67
chr5D	966384	969384	10
chr5D	989123	992123	535
chr5D	1009010	1012010	147
chr6A	10000	13000	321
chr6A	112470	115470	474
chr6A	27070	30070	4
chr6A	204400	207400	131
chr6A	232930	235930	1
chr6A	267165	270165	628
chr6A	284260	287260	6
chr6A	306198	309198	897
chr6A	326907	329907	969
chr6A	44140	47140	532
chr6A	358280	361280	9
chr6A	386810	389810	224
chr6A	415345	418345	1
chr6A	456866	459866	687
chr6A	482845	485845	3122
chr6A	500710	503710	78
chr6A	512080	515080	24268
chr6A	534820	537820	4963
chr6A	562110	565110	1875
chr6A	66930	69930	21
chr6A	580305	583305	134
chr6A	594527	597527	266
chr6A	608750	611750	30
chr6A	625820	628820	756
chr6A	649040	652040	13
chr6A	672260	675260	56
chr6A	695676	698676	693
chr6A	724264	727264	98
chr6A	746995	749995	71
chr6A	764260	767260	3
chr6A	775840	778840	69
chr6A	89720	92720	90
chr6A	833340	836340	240
chr6A	856080	859080	72
chr6A	890193	893193	399
chr6A	915763	918763	76
chr6A	101095	104095	13
chr6A	964115	967115	592
chr6A	981170	984170	49
chr6A	998225	1001225	648
chr6B	22990	25990	981
chr6B	181200	184200	522
chr6B	198270	201270	14
chr6B	215340	218340	220
chr6B	255170	258170	215
chr6B	283600	286600	405
chr6B	306340	309340	373
chr6B	340480	343480	95
chr6B	363220	366220	415
chr6B	385965	388965	24
chr6B	403030	406030	32
chr6B	49780	52780	138
chr6B	420100	423100	1344
chr6B	431470	434470	203
chr6B	455830	458830	5703
chr6B	481812	484812	27448
chr6B	511037	514037	13146
chr6B	529981	532981	379
chr6B	545140	548140	59
chr6B	567880	570880	367
chr6B	66830	69830	142
chr6B	590620	593620	766
chr6B	615254	618254	349
chr6B	638933	641933	943
chr6B	692967	695967	697
chr6B	712857	715857	284
chr6B	83900	86900	1
chr6B	761206	764206	170
chr6B	812400	815400	436
chr6B	829455	832455	14
chr6B	851244	854244	499
chr6B	872080	875080	328
chr6B	897710	900710	28
chr6B	100970	103970	129
chr6B	926185	929185	301
chr6B	960295	963295	445
chr6B	988720	991720	277
chr6D	10000	13000	209
chr6D	1036010	1039010	34
chr6D	1064436	1067436	145
chr6D	1128736	1131736	62
chr6D	1141150	1144150	36
chr6D	21370	24370	8
chr6D	1152520	1155520	39
chr6D	1175262	1178262	815
chr6D	1209368	1212368	636
chr6D	181027	184027	592
chr6D	209444	212444	421
chr6D	232175	235175	277
chr6D	271967	274967	364
chr6D	317480	320480	100
chr6D	44107	47107	549
chr6D	362983	365983	671
chr6D	385720	388720	37
chr6D	410351	413351	714
chr6D	436875	439875	1068
chr6D	453930	456930	118
chr6D	475719	478719	2028
chr6D	510771	513771	3233
chr6D	537295	540295	24552
chr6D	565988	568988	3606
chr6D	595079	598079	719
chr6D	622825	625825	682
chr6D	654125	657125	18
chr6D	671610	674610	18
chr6D	688685	691685	1
chr6D	78260	81260	5
chr6D	711440	714440	267
chr6D	751270	754270	83
chr6D	774060	777060	16
chr6D	796850	799850	35
chr6D	830956	833956	159
chr6D	858422	861422	373
chr6D	876420	879420	210
chr6D	101050	104050	172
chr6D	950710	953710	559
chr6D	1001902	1004902	215
chr7A	15685	18685	2495
chr7A	1013330	1016330	286
chr7A	1024710	1027710	1
chr7A	1047444	1050444	566
chr7A	114789	117789	121
chr7A	1070180	1073180	614
chr7A	1081560	1084560	22
chr7A	1092930	1095930	585
chr7A	1104300	1107300	7
chr7A	1127035	1130035	1120
chr7A	1207010	1210010	282
chr7A	1235433	1238433	505
chr7A	1275260	1278260	152
chr7A	1298009	1301009	81
chr7A	1315080	1318080	5
chr7A	1343518	1346518	583
chr7A	1363405	1366405	139
chr7A	160303	163303	613
chr7A	183039	186039	1
chr7A	194410	197410	17
chr7A	228550	231550	463
chr7A	251300	254300	39
chr7A	262670	265670	48
chr7A	285403	288403	553
chr7A	38440	41440	29
chr7A	313840	316840	2
chr7A	330910	333910	935
chr7A	342284	345284	120
chr7A	353657	356657	168
chr7A	365030	368030	28
chr7A	376400	379400	713
chr7A	387770	390770	20
chr7A	412402	415402	295
chr7A	444620	447620	56
chr7A	501680	504680	87
chr7A	513050	516050	14
chr7A	61195	64195	331
chr7A	535790	538790	206
chr7A	581263	584263	847
chr7A	610627	613627	777
chr7A	639988	642988	7661
chr7A	668950	671950	19374
chr7A	695565	698565	8253
chr7A	78855	81855	7
chr7A	714827	717827	259
chr7A	734725	737725	1325
chr7A	751780	754780	70
chr7A	776408	779408	639
chr7A	797250	800250	43
chr7A	808620	811620	150
chr7A	90830	93830	57
chr7A	819995	822995	67
chr7A	840837	843837	1290
chr7A	872091	875091	235
chr7A	888190	891190	72
chr7A	922340	925340	59
chr7A	102810	105810	1
chr7A	939410	942410	11
chr7A	956480	959480	114
chr7A	967850	970850	3
chr7A	984905	987905	758
chr7A	1001960	1004960	101
chr7B	1024840	1027840	191
chr7B	112530	115530	74
chr7B	1041910	1044910	1
chr7B	1058980	1061980	148
chr7B	1081770	1084770	40
chr7B	1104560	1107560	459
chr7B	1115930	1118930	9
chr7B	1138672	1141672	2364
chr7B	21363	24363	255
chr7B	1167088	1170088	223
chr7B	1184140	1187140	13
chr7B	1195510	1198510	748
chr7B	135280	138280	56
chr7B	158007	161007	211
chr7B	186423	189423	197
chr7B	209155	212155	212
chr7B	260346	263346	432
chr7B	318847	321847	835
chr7B	339960	342960	20
chr7B	351330	354330	21
chr7B	408277	411277	355
chr7B	437637	440637	647
chr7B	465102	468102	4658
chr7B	494327	497327	347
chr7B	520309	523309	45231
chr7B	547527	550527	9
chr7B	567440	570440	3076
chr7B	590179	593179	257
chr7B	617649	620649	200
chr7B	635650	638650	16
chr7B	658387	661387	5098
chr7B	717158	720158	1024
chr7B	738000	741000	22
chr7B	755055	758055	400
chr7B	792032	795032	460
chr7B	806255	809255	17
chr7B	89789	92789	68
chr7B	823310	826310	373
chr7B	875220	878220	713
chr7B	933323	936323	586
chr7B	961302	964302	756
chr7B	985010	988010	1060
chr7B	1007765	1010765	28
chr7D	15685	18685	973
chr7D	1036630	1039630	651
chr7D	1056770	1059770	153
chr7D	1076680	1079680	10
chr7D	1105124	1108124	1191
chr7D	1127860	1130860	7
chr7D	1144916	1147916	108
chr7D	123730	126730	136
chr7D	1173340	1176340	114
chr7D	1184710	1187710	71
chr7D	1201766	1204766	818
chr7D	1241558	1244558	688
chr7D	135100	138100	137
chr7D	1267205	1270205	84
chr7D	1321564	1324564	892
chr7D	1341450	1344450	60
chr7D	146470	149470	221
chr7D	1379079	1382079	265
chr7D	1436662	1439662	272
chr7D	1462232	1465232	244
chr7D	1482130	1485130	77
chr7D	157840	160840	10
chr7D	1493505	1496505	946
chr7D	1518140	1521140	506
chr7D	1536134	1539134	83
chr7D	1573086	1576086	755
chr7D	180577	183577	163
chr7D	200467	203467	168
chr7D	226050	229050	79
chr7D	237425	240425	19
chr7D	254480	257480	365
chr7D	271530	274530	69
chr7D	282900	285900	161
chr7D	38440	41440	34
chr7D	317050	320050	14
chr7D	329045	332045	115
chr7D	347350	350350	973
chr7D	367575	370575	34
chr7D	393485	396485	374
chr7D	410540	413540	17
chr7D	421910	424910	293
chr7D	433280	436280	2
chr7D	458455	461455	1831
chr7D	475910	478910	252
chr7D	490120	493120	80
chr7D	501490	504490	9
chr7D	512864	515864	8
chr7D	61195	64195	570
chr7D	529920	532920	610
chr7D	546975	549975	68
chr7D	570560	573560	249
chr7D	589795	592795	38
chr7D	604205	607205	19
chr7D	628966	631966	501
chr7D	652080	655080	366
chr7D	672550	675550	99
chr7D	683920	686920	11
chr7D	78250	81250	21
chr7D	695290	698290	718
chr7D	715202	718202	16
chr7D	740796	743796	1359
chr7D	767320	770320	2616
chr7D	791946	794946	720
chr7D	821076	824076	2746
chr7D	850023	853023	33056
chr7D	867830	870830	1448
chr7D	880560	883560	33
chr7D	905650	908650	836
chr7D	100986	103986	288
chr7D	922705	925705	32
chr7D	939760	942760	1138
chr7D	956815	959815	26
chr7D	979552	982552	1303
chr7D	1007965	1010965	569
