chr1A	10000	13000	189.066
chr1A	44150	47150	99.9411
chr1A	136080	139080	115.173
chr1A	157975	160975	173.494
chr1A	179869	182869	266.803
chr1A	192130	195130	202.043
chr1A	215859	218859	181.668
chr1A	250070	253070	157.247
chr1A	261439	264439	66.3306
chr1A	278580	281580	181.763
chr1A	324350	327350	167.521
chr1A	352774	355774	139.012
chr1A	378348	381348	149.212
chr1A	398245	401245	322.382
chr1A	415300	418300	150.514
chr1A	435210	438210	115.815
chr1A	455120	458120	109.852
chr1A	466495	469495	111.522
chr1A	477867	480867	87.494
chr1A	502504	505504	97.3218
chr1A	526183	529183	109.691
chr1A	546080	549080	42.0583
chr1A	568817	571817	121.105
chr1A	597230	600230	113.284
chr1A	624019	627019	80.6053
chr1A	654080	657080	26.6219
chr1A	682516	685516	122.44
chr1A	702407	705407	128.875
chr1A	716635	719635	208.589
chr1A	750759	753759	90.5037
chr1A	776333	779333	91.1034
chr1A	819000	822000	116.969
chr1A	841757	844757	116.405
chr1A	864550	867550	60.5064
chr1A	875955	878955	34.2179
chr1A	887360	890360	148.096
chr1A	980240	983240	122.41
chr1A	1060850	1063850	158.921
chr1A	1106902	1109902	144.394
chr1A	1135318	1138318	113.874
chr1A	1158623	1161623	154.801
chr1A	1176830	1179830	162.487
chr1A	1188780	1191780	105.394
chr1B	10000	13000	223.965
chr1B	21370	24370	117.42
chr1B	78253	81253	176.892
chr1B	103847	106847	117.273
chr1B	123760	126760	121.099
chr1B	135130	138130	40.8113
chr1B	146500	149500	328.351
chr1B	192013	195013	211.8
chr1B	214750	217750	57.468
chr1B	226119	229119	151.958
chr1B	266893	269893	190.158
chr1B	294370	297370	206.409
chr1B	321842	324842	164.915
chr1B	339840	342840	194.581
chr1B	356910	359910	585.566
chr1B	385428	388428	146.247
chr1B	408480	411480	102.61
chr1B	428587	431587	104.471
chr1B	456000	459000	123.074
chr1B	481844	484844	119.544
chr1B	511214	514214	126.02
chr1B	533950	536950	137.988
chr1B	556690	559690	157.05
chr1B	576587	579587	350.006
chr1B	590800	593800	146.205
chr1B	607870	610870	191.545
chr1B	636306	639306	143.347
chr1B	656205	659205	116.916
chr1B	670420	673420	125.561
chr1B	716000	719000	136.906
chr1B	727370	730370	178.966
chr1B	738740	741740	179.865
chr1B	761480	764480	133.602
chr1B	787053	790053	109.438
chr1B	806949	809949	216.786
chr1B	818319	821319	34.1937
chr1B	841070	844070	182.899
chr1B	880895	883895	143.241
chr1B	909316	912316	187.459
chr1B	929207	932207	178.868
chr1B	949120	952120	52.3745
chr1B	966190	969190	109.35
chr1B	1006020	1009020	147.32
chr1B	1023080	1026080	74.9649
chr1B	1034449	1037449	151.139
chr1B	1068554	1071554	138.867
chr1B	1088450	1091450	57.4449
chr1B	1102660	1105660	269.48
chr1B	1125396	1128396	150.836
chr1B	1148140	1151140	107.488
chr1D	21363	24363	259.34
chr1D	41257	44257	208.625
chr1D	75225	78225	289.18
chr1D	96607	99607	249.652
chr1D	112315	115315	212.143
chr1D	129370	132370	156.16
chr1D	157790	160790	189.817
chr1D	174865	177865	179.429
chr1D	197620	200620	288.801
chr1D	226050	229050	178.5
chr1D	262051	265051	146.31
chr1D	280047	283047	163.66
chr1D	317030	320030	236.021
chr1D	339820	342820	187.518
chr1D	368295	371295	219.947
chr1D	385349	388349	81.1787
chr1D	396719	399719	208.415
chr1D	408090	411090	220.292
chr1D	428315	431315	130.59
chr1D	456575	459575	167.481
chr1D	487673	490673	148.466
chr1D	514668	517668	143.38
chr1D	533140	536140	159.82
chr1D	544510	547510	142.378
chr1D	567247	570247	136.91
chr1D	589980	592980	174.193
chr1D	601350	604350	136.694
chr1D	624094	627094	120.544
chr1D	669573	672573	169.922
chr1D	697985	700985	152.513
chr1D	726397	729397	171.478
chr1D	760504	763504	147.963
chr1D	787784	790784	127.213
chr1D	805975	808975	37.7169
chr1D	817350	820350	155.647
chr1D	828720	831720	89.5315
chr1D	851457	854457	87.7797
chr1D	871347	874347	100.181
chr1D	885560	888560	110.274
chr1D	902615	905615	133.227
chr1D	948125	951125	213.072
chr1D	965180	968180	397.13
chr1D	982230	985230	170.108
chr1D	999285	1002285	131.67
chr1D	1010660	1013660	173.228
chr1D	1022030	1025030	185.973
chr1D	1044768	1047768	142.402
chr1D	1107606	1110606	150.671
chr1D	1124730	1127730	796.855
chr1D	1136100	1139100	95.5119
chr1D	1147470	1150470	366.502
chr1D	1158840	1161840	179.049
chr1D	1181582	1184582	145.872
chr1D	1210000	1213000	122.233
chr1D	1238412	1241412	155.012
chr1D	1266826	1269826	176.934
chr1D	1283870	1286870	150.26
chr1D	1306620	1309620	133.234
chr1D	1317990	1320990	126.333
chr1D	1329360	1332360	181.201
chr1D	1346430	1349430	150.982
chr1D	1369183	1372183	140.12
chr2A	15685	18685	132.988
chr2A	49790	52790	127.194
chr2A	118219	121219	175.475
chr2A	158050	161050	185.873
chr2A	175120	178120	417.153
chr2A	192190	195190	131.256
chr2A	203565	206565	89.5118
chr2A	224022	227022	188.846
chr2A	251285	254285	172.797
chr2A	305990	308990	136.507
chr2A	340093	343093	116.526
chr2A	408407	411407	123.926
chr2A	428297	431297	96.5103
chr2A	499750	502750	89.7799
chr2A	522486	525486	112.366
chr2A	602340	605340	116.187
chr2A	628332	631332	100.288
chr2A	654280	657280	103.589
chr2A	671440	674440	123.755
chr2A	694745	697745	112.005
chr2A	718050	721050	98.7649
chr2A	729935	732935	158.12
chr2A	752346	755346	115.805
chr2A	773077	776077	100.861
chr2A	832866	835866	111.098
chr2A	861282	864282	133.383
chr2A	902966	905966	120.176
chr2A	926076	929076	138.829
chr2B	10000	13000	157.458
chr2B	32790	35790	320.328
chr2B	55580	58580	197.761
chr2B	66950	69950	106.479
chr2B	84005	87005	172.251
chr2B	101060	104060	372.717
chr2B	112430	115430	74.0192
chr2B	129505	132505	302.416
chr2B	157943	160943	119.61
chr2B	186355	189355	173.305
chr2B	203400	206400	221.621
chr2B	231830	234830	166.23
chr2B	248885	251885	296.443
chr2B	265940	268940	196.431
chr2B	351596	354596	186.632
chr2B	380010	383010	139.319
chr2B	402740	405740	161.919
chr2B	419795	422795	197.479
chr2B	431170	434170	127.062
chr2B	453960	456960	71.9752
chr2B	476750	479750	158.245
chr2B	523880	526880	155.163
chr2B	556360	559360	133.382
chr2B	584784	587784	117.421
chr2B	614015	617015	122.464
chr2B	639725	642725	107.922
chr2B	668145	671145	129.351
chr2B	696024	699024	105.052
chr2B	724985	727985	142.202
chr2B	763882	766882	271.509
chr2B	789515	792515	135.382
chr2B	806570	809570	318.207
chr2B	817940	820940	116.057
chr2B	846365	849365	133.013
chr2B	863420	866420	38.4087
chr2B	874790	877790	154.4
chr2B	891860	894860	79.2323
chr2B	914615	917615	137.786
chr2B	934790	937790	61.5052
chr2B	949280	952280	118.259
chr2B	963229	966229	112.604
chr2B	988543	991543	143.075
chr2B	1016961	1019961	103.659
chr2B	1056748	1059748	143.217
chr2B	1076640	1079640	145.717
chr2B	1125060	1128060	110.467
chr2D	21367	24367	191.796
chr2D	46938	49938	154.42
chr2D	83890	86890	189.83
chr2D	112310	115310	165.012
chr2D	132207	135207	233.245
chr2D	146420	149420	235.354
chr2D	157795	160795	92.8298
chr2D	169170	172170	195.205
chr2D	213292	216292	148.909
chr2D	230500	233500	102.264
chr2D	244110	247110	192.265
chr2D	257719	260719	194.749
chr2D	286145	289145	103.63
chr2D	312610	315610	135.133
chr2D	329470	332470	135.166
chr2D	339069	342069	80.1321
chr2D	354355	357355	201.837
chr2D	371410	374410	129.054
chr2D	382780	385780	168.487
chr2D	394150	397150	230.746
chr2D	411205	414205	112.598
chr2D	436802	439802	214.304
chr2D	456715	459715	165.992
chr2D	473770	476770	393.767
chr2D	496507	499507	141.892
chr2D	519245	522245	408.724
chr2D	541983	544983	191.258
chr2D	564720	567720	176.182
chr2D	576090	579090	148.136
chr2D	587460	590460	103.283
chr2D	610197	613197	152.313
chr2D	639425	642425	152.315
chr2D	667027	670027	157.071
chr2D	686919	689919	140.937
chr2D	701130	704130	124.411
chr2D	725761	728761	152.449
chr2D	753227	756227	180.756
chr2D	780693	783693	146.285
chr2D	810057	813057	153.563
chr2D	826160	829160	149.306
chr2D	848900	851900	166.987
chr3A	10000	13000	195.621
chr3A	55580	58580	176.264
chr3A	78370	81370	174.204
chr3A	101160	104160	212.727
chr3A	112535	115535	375.788
chr3A	123910	126910	111.222
chr3A	135280	138280	372.818
chr3A	146650	149650	225.856
chr3A	192160	195160	122.16
chr3A	214899	217899	116.445
chr3A	231975	234975	403.848
chr3A	249050	252050	221.906
chr3A	300675	303675	186.38
chr3A	348046	351046	149.059
chr3A	382511	385511	133.172
chr3A	410260	413260	155.805
chr3A	444370	447370	149.726
chr3A	455740	458740	79.9537
chr3A	478477	481477	116.525
chr3A	506903	509903	108.042
chr3A	536950	539950	114.995
chr3A	562798	565798	127.112
chr3A	586485	589485	116.933
chr3A	606397	609397	69.3614
chr3A	626310	629310	97.5064
chr3A	637685	640685	27.4886
chr3A	660423	663423	86.1764
chr3A	688835	691835	95.7016
chr3A	717247	720247	77.3496
chr3A	745685	748685	71.2965
chr3A	768435	771435	100.605
chr3A	785490	788490	120.782
chr3A	796860	799860	49.9431
chr3A	808229	811229	102.48
chr3A	830973	833973	136.501
chr3A	905090	908090	77.4031
chr3A	922140	925140	358.359
chr3A	939195	942195	169.992
chr3A	961949	964949	81.7027
chr3A	984705	987705	152.563
chr3A	1076300	1079300	169.507
chr3A	1127492	1130492	134.922
chr3A	1155906	1158906	185.403
chr3A	1172950	1175950	139.221
chr3A	1207065	1210065	182.603
chr3A	1226950	1229950	160.269
chr3A	1252540	1255540	164.084
chr3A	1309484	1312484	137.696
chr3A	1329370	1332370	167.136
chr3A	1366360	1369360	179.644
chr3A	1383430	1386430	77.8665
chr3A	1400500	1403500	135.649
chr3A	1440329	1443329	159.172
chr3A	1537940	1540940	183.911
chr3A	1549310	1552310	278.334
chr3A	1566366	1569366	170.523
chr3A	1646346	1649346	154.39
chr3A	1726313	1729313	181.96
chr3B	15685	18685	146.214
chr3B	84115	87115	159.786
chr3B	123940	126940	134.192
chr3B	146680	149680	147.171
chr3B	158055	161055	115.935
chr3B	169429	172429	147.295
chr3B	180799	183799	348.918
chr3B	197850	200850	192.954
chr3B	214905	217905	163.456
chr3B	237643	240643	170.711
chr3B	260380	263380	55.0264
chr3B	271750	274750	131.659
chr3B	328820	331820	174.348
chr3B	340190	343190	160.323
chr3B	351560	354560	150.666
chr3B	362930	365930	170.141
chr3B	379985	382985	196.468
chr3B	408410	411410	177.788
chr3B	435880	438880	176.268
chr3B	467144	470144	132.643
chr3B	492719	495719	125.795
chr3B	523984	526984	116.578
chr3B	550505	553505	126.656
chr3B	578916	581916	122.548
chr3B	598815	601815	117.579
chr3B	624393	627393	122.098
chr3B	652830	655830	135.996
chr3B	676527	679527	163.823
chr3B	703997	706997	161.887
chr3B	760873	763873	162.52
chr3B	780767	783767	227.757
chr3B	794980	797980	193.454
chr3B	806350	809350	191.47
chr3B	824865	827865	156.564
chr3B	869080	872080	175.095
chr3B	926027	929027	183.688
chr3B	945917	948917	167.795
chr3B	1058250	1061250	190.995
chr3B	1121062	1124062	173.031
chr3B	1149478	1152478	179.44
chr3B	1166530	1169530	177.789
chr3B	1183600	1186600	128.364
chr3B	1200670	1203670	117.86
chr3B	1212040	1215040	100.771
chr3B	1229093	1232093	163.371
chr3D	15685	18685	148.282
chr3D	32740	35740	104.058
chr3D	55476	58476	158.013
chr3D	81322	84322	194.609
chr3D	102035	105035	177.616
chr3D	125132	128132	167.276
chr3D	153545	156545	245.484
chr3D	170590	173590	174.097
chr3D	193340	196340	277.508
chr3D	204710	207710	301.864
chr3D	216080	219080	151.459
chr3D	227450	230450	233.246
chr3D	238820	241820	249.503
chr3D	319050	322050	193.81
chr3D	375996	378996	180.406
chr3D	404410	407410	149.196
chr3D	432823	435823	163.833
chr3D	458402	461402	182.232
chr3D	478300	481300	128.63
chr3D	506830	509830	57.4997
chr3D	546730	549730	162.147
chr3D	575155	578155	153.405
chr3D	592210	595210	89.2877
chr3D	603580	606580	129.704
chr3D	614950	617950	17.4043
chr3D	637686	640686	133.841
chr3D	657585	660585	90.6051
chr3D	677480	680480	139.156
chr3D	707527	710527	131.183
chr3D	725797	728797	117.878
chr3D	740010	743010	156.639
chr3D	751380	754380	133.084
chr3D	774119	777119	145.801
chr3D	802536	805536	170.077
chr3D	830953	833953	203.755
chr3D	853690	856690	175.463
chr3D	867910	870910	201.746
chr3D	899200	902200	241.551
chr3D	939030	942030	222.171
chr3D	964625	967625	146.186
chr3D	990223	993223	184.336
chr3D	1012960	1015960	192.567
chr3D	1024330	1027330	181.125
chr3D	1058438	1061438	182.543
chr3D	1078330	1081330	158.596
chr3D	1103910	1106910	213.955
chr3D	1115290	1118290	173.547
chr3D	1138022	1141022	221.951
chr3D	1163595	1166595	204.79
chr3D	1197710	1200710	338.358
chr3D	1229010	1232010	159.765
chr3D	1263114	1266114	207.473
chr4A	10000	13000	124.125
chr4A	27075	30075	247.438
chr4A	49830	52830	57.1003
chr4A	101090	104090	105.824
chr4A	163840	166840	107.677
chr4A	197950	200950	102.264
chr4A	217865	220865	492.514
chr4A	243460	246460	82.4054
chr4A	271880	274880	38.3233
chr4A	309400	312400	114.588
chr4A	369733	372733	136.695
chr4A	395303	398303	129.653
chr4A	449410	452410	95.5743
chr4A	469315	472315	247.671
chr4A	489219	492219	108.236
chr4A	509170	512170	62.833
chr4A	529120	532120	78.9484
chr4A	540495	543495	80.4692
chr4A	554717	557717	103.511
chr4A	568940	571940	159.349
chr4A	586010	589010	115.047
chr4A	605922	608922	160.828
chr4A	633140	636140	108.005
chr4A	655388	658388	87.5399
chr4A	745590	748590	143.418
chr4A	774951	777951	176.766
chr4A	791050	794050	143.032
chr4A	802425	805425	165.636
chr4A	825163	828163	129.413
chr4A	845050	848050	162.668
chr4A	927867	930867	142.342
chr4A	956420	959420	165.905
chr4A	973610	976610	121.19
chr4A	1014353	1017353	141.036
chr4A	1042820	1045820	160.801
chr4A	1070593	1073593	128.896
chr4A	1093350	1096350	84.8335
chr4A	1121788	1124788	179.452
chr4A	1142626	1145626	174.391
chr4A	1155890	1158890	460.278
chr4A	1172943	1175943	122.54
chr4A	1212738	1215738	195.992
chr4A	1232625	1235625	208.903
chr4A	1269575	1272575	167.595
chr4A	1292310	1295310	752.931
chr4A	1315052	1318052	177.266
chr4A	1337790	1340790	178.227
chr4A	1349160	1352160	188.093
chr4A	1377583	1380583	203.443
chr4A	1411693	1414693	194.354
chr4A	1428750	1431750	99.5173
chr4A	1440120	1443120	274.79
chr4A	1479943	1482943	160.73
chr4A	1531210	1534210	134.769
chr4A	1576790	1579790	143.919
chr4B	15685	18685	137.094
chr4B	78430	81430	194.641
chr4B	114100	117100	99.0949
chr4B	138370	141370	91.9532
chr4B	161110	164110	60.1469
chr4B	200935	203935	70.46
chr4B	229360	232360	40.6188
chr4B	246435	249435	408.386
chr4B	263510	266510	83.1117
chr4B	297650	300650	73.4667
chr4B	331757	334757	102.053
chr4B	357332	360332	114.742
chr4B	400000	403000	87.8369
chr4B	417070	420070	82.4878
chr4B	434140	437140	98.1973
chr4B	468253	471253	145.281
chr4B	491006	494006	152.542
chr4B	513760	516760	128.678
chr4B	525130	528130	122.119
chr4B	539352	542352	126.624
chr4B	564950	567950	126.73
chr4B	592569	595569	128.909
chr4B	618962	621962	141.639
chr4B	674891	677891	138.133
chr4B	692887	695887	148.985
chr4B	707099	710099	190.968
chr4B	724155	727155	203.76
chr4B	741210	744210	257.846
chr4B	765841	768841	179.623
chr4B	783837	786837	203.454
chr4B	809470	812470	103.808
chr4B	832260	835260	145.882
chr4B	843630	846630	141.265
chr4B	860685	863685	164.637
chr4B	883439	886439	73.6485
chr4B	906195	909195	219.056
chr4B	940300	943300	182.18
chr4B	974730	977730	128.059
chr4B	988794	991794	90.9479
chr4B	1014227	1017227	184.073
chr4B	1034115	1037115	113.808
chr4D	15685	18685	184.499
chr4D	38440	41440	363.24
chr4D	61195	64195	122.506
chr4D	101020	104020	71.5837
chr4D	135160	138160	128.621
chr4D	180740	183740	167.667
chr4D	237810	240810	124.105
chr4D	318030	321030	138.665
chr4D	363620	366620	151.063
chr4D	398000	401000	134.92
chr4D	420915	423915	82.3802
chr4D	449515	452515	124.544
chr4D	466569	469569	314.838
chr4D	477939	480939	143.828
chr4D	489310	492310	88.6343
chr4D	500680	503680	124.013
chr4D	546193	549193	153.488
chr4D	574630	577630	115.87
chr4D	604961	607961	148.015
chr4D	622957	625957	144.415
chr4D	648590	651590	53.415
chr4D	682746	685746	136.925
chr4D	705490	708490	133.756
chr4D	797420	800420	195.825
chr4D	831560	834560	158.716
chr4D	842935	845935	228.331
chr4D	854310	857310	181.525
chr4D	871380	874380	216.923
chr4D	888450	891450	191.426
chr4D	899820	902820	249.155
chr4D	911190	914190	200.178
chr5A	10000	13000	111.605
chr5A	34870	37870	94.4866
chr5A	60208	63208	108.415
chr5A	87943	90943	117.905
chr5A	109457	112457	172.575
chr5A	135039	138039	111.047
chr5A	163530	166530	153.615
chr5A	181260	184260	102.182
chr5A	250822	253822	132.364
chr5A	283040	286040	154.758
chr5A	294410	297410	523.926
chr5A	317143	320143	136.9
chr5A	351250	354250	226.397
chr5A	363165	366165	18.2389
chr5A	375080	378080	106.53
chr5A	387000	390000	229.468
chr5A	404600	407600	105.056
chr5A	421655	424655	159.534
chr5A	444393	447393	97.4968
chr5A	472830	475830	29.988
chr5A	495585	498585	75.0124
chr5A	512640	515640	40.9593
chr5A	529690	532690	90.0329
chr5A	552445	555445	168.162
chr5A	580883	583883	105.854
chr5A	603620	606620	132.082
chr5A	614990	617990	102.88
chr5A	683423	686423	105.254
chr5A	752550	755550	121.226
chr5A	769965	772965	20.7571
chr5A	793065	796065	78.0099
chr5A	832857	835857	94.0951
chr5A	901167	904167	108.247
chr5A	922006	925006	113.379
chr5A	935270	938270	479.754
chr5A	958460	961460	130.207
chr5A	979680	982680	147.984
chr5A	993020	996020	244.235
chr5A	1004389	1007389	196.12
chr5A	1015759	1018759	49.1811
chr5A	1027129	1030129	102.31
chr5A	1038500	1041500	289.624
chr5A	1049870	1052870	161.666
chr5A	1118302	1121302	144.249
chr5B	10000	13000	141.932
chr5B	49825	52825	110.601
chr5B	118255	121255	147.937
chr5B	138167	141167	92.0653
chr5B	163765	166765	220.767
chr5B	192190	195190	181.894
chr5B	272420	275420	149.336
chr5B	300950	303950	222.25
chr5B	329480	332480	170.041
chr5B	365216	368216	152.363
chr5B	393426	396426	124.884
chr5B	409055	412055	113.753
chr5B	420424	423424	116.971
chr5B	434647	437647	144.912
chr5B	448870	451870	55.1136
chr5B	465940	468940	135.413
chr5B	477310	480310	118.425
chr5B	500050	503050	117.871
chr5B	519940	522940	130.496
chr5B	534275	537275	76.4643
chr5B	545770	548770	119.385
chr5B	591610	594610	175.277
chr5B	614400	617400	75.8573
chr5B	648553	651553	148.674
chr5B	691212	694212	188.154
chr5B	705435	708435	161.919
chr5B	716810	719810	191.978
chr5B	773753	776753	194.222
chr5B	796490	799490	59.5722
chr5B	819227	822227	119.797
chr5B	839117	842117	82.2507
chr5B	859030	862030	69.9091
chr5B	881785	884785	103.124
chr5B	932977	935977	169.915
chr5B	960442	963442	166.952
chr5B	978439	981439	124.496
chr5B	989810	992810	152.13
chr5B	1012547	1015547	119.914
chr5B	1035290	1038290	112.76
chr5B	1058022	1061022	123.885
chr5B	1092128	1095128	113.464
chr5B	1119600	1122600	162.144
chr5B	1149066	1152066	120.717
chr5B	1252980	1255980	114.847
chr5B	1287120	1290120	170.112
chr5B	1309858	1312858	142.258
chr5B	1343968	1346968	132.17
chr5B	1363860	1366860	115.37
chr5B	1400812	1403812	113.176
chr5B	1420700	1423700	196.913
chr5B	1434910	1437910	387.747
chr5B	1457648	1460648	134.934
chr5B	1480389	1483389	209.888
chr5B	1491770	1494770	137.295
chr5B	1531613	1534613	100.736
chr5B	1560040	1563040	163.561
chr5D	10000	13000	205.616
chr5D	38425	41425	169.732
chr5D	66850	69850	151.904
chr5D	78220	81220	91.8394
chr5D	95275	98275	162.374
chr5D	112330	115330	183.49
chr5D	123702	126702	144.215
chr5D	135075	138075	151.283
chr5D	146450	149450	219.278
chr5D	157820	160820	167.546
chr5D	174869	177869	180.058
chr5D	208980	211980	165.971
chr5D	226035	229035	61.3459
chr5D	250397	253397	150.506
chr5D	279089	282089	150.009
chr5D	304903	307903	145.684
chr5D	334035	337035	153.254
chr5D	362453	365453	128.879
chr5D	388027	391027	140.937
chr5D	419293	422293	163.818
chr5D	444863	447863	132.391
chr5D	464760	467760	231.506
chr5D	476130	479130	129.936
chr5D	487500	490500	154.989
chr5D	506760	509760	124.275
chr5D	528682	531682	129.593
chr5D	613590	616590	147.977
chr5D	636414	639414	143.728
chr5D	661476	664476	147.696
chr5D	699100	702100	163.956
chr5D	727630	730630	140.264
chr5D	761743	764743	136.378
chr5D	790155	793155	177.752
chr5D	818567	821567	186.429
chr5D	838457	841457	163.612
chr5D	852670	855670	84.6238
chr5D	864040	867040	164.79
chr5D	875415	878415	207.976
chr5D	886790	889790	162.781
chr5D	898160	901160	154.993
chr5D	909530	912530	211.035
chr5D	920900	923900	71.5899
chr5D	932270	935270	110.91
chr5D	943640	946640	301.28
chr5D	955010	958010	90.7686
chr5D	966384	969384	102.373
chr5D	989123	992123	95.5929
chr5D	1009010	1012010	102.841
chr5D	1045964	1048964	118.317
chr5D	1074378	1077378	124.65
chr5D	1102794	1105794	176.454
chr5D	1131213	1134213	174.303
chr5D	1159640	1162640	81.3028
chr5D	1188070	1191070	152.497
chr5D	1205120	1208120	48.2594
chr5D	1216495	1219495	120.677
chr5D	1239236	1242236	111.319
chr5D	1273350	1276350	130.875
chr5D	1284719	1287719	151.465
chr5D	1296090	1299090	85.9623
chr5D	1341596	1344596	155.385
chr5D	1364330	1367330	167.581
chr5D	1387072	1390072	146.242
chr5D	1409810	1412810	60.3544
chr5D	1427420	1430420	114.246
chr5D	1483800	1486800	119.352
chr5D	1532440	1535440	149.484
chr5D	1545120	1548120	978.586
chr5D	1569156	1572156	167.101
chr5D	1614633	1617633	157.668
chr5D	1660140	1663140	205.367
chr5D	1705652	1708652	169.834
chr6A	10000	13000	190.149
chr6A	27070	30070	141.044
chr6A	44140	47140	183.236
chr6A	66930	69930	88.9857
chr6A	89720	92720	139.117
chr6A	101095	104095	382.555
chr6A	112470	115470	241.225
chr6A	204400	207400	152.198
chr6A	232930	235930	41.5991
chr6A	267165	270165	158.034
chr6A	284260	287260	267.415
chr6A	306198	309198	119.837
chr6A	326907	329907	205.313
chr6A	358280	361280	123.267
chr6A	386810	389810	158.539
chr6A	415345	418345	12.408
chr6A	456866	459866	131.617
chr6A	482845	485845	120.021
chr6A	500710	503710	100.801
chr6A	512080	515080	115.1
chr6A	534820	537820	101.573
chr6A	562110	565110	84.256
chr6A	580305	583305	105.256
chr6A	594527	597527	128.832
chr6A	608750	611750	203.73
chr6A	625820	628820	109.529
chr6A	649040	652040	104.995
chr6A	672260	675260	133.415
chr6A	695676	698676	157.412
chr6A	724264	727264	85.8068
chr6A	746995	749995	89.2923
chr6A	764260	767260	155.885
chr6A	775840	778840	147.752
chr6A	833340	836340	105.953
chr6A	856080	859080	115.067
chr6A	890193	893193	141.666
chr6A	915763	918763	82.0679
chr6A	964115	967115	129.981
chr6A	981170	984170	273.795
chr6A	998225	1001225	135.404
chr6B	22990	25990	181.549
chr6B	49780	52780	234.383
chr6B	66830	69830	262.853
chr6B	83900	86900	9.38773
chr6B	100970	103970	104.403
chr6B	181200	184200	188.109
chr6B	198270	201270	462.306
chr6B	215340	218340	146.301
chr6B	255170	258170	129.702
chr6B	283600	286600	263.279
chr6B	306340	309340	192.528
chr6B	340480	343480	242.977
chr6B	363220	366220	142.084
chr6B	385965	388965	78.8796
chr6B	403030	406030	190.585
chr6B	420100	423100	155.461
chr6B	431470	434470	149.865
chr6B	455830	458830	140.568
chr6B	481812	484812	127.628
chr6B	511037	514037	127.48
chr6B	529981	532981	121.511
chr6B	545140	548140	81.3589
chr6B	567880	570880	107.159
chr6B	590620	593620	125.157
chr6B	615254	618254	107.783
chr6B	638933	641933	152.309
chr6B	692967	695967	136.039
chr6B	712857	715857	138.274
chr6B	761206	764206	99.7694
chr6B	812400	815400	142.816
chr6B	829455	832455	207.278
chr6B	851244	854244	157.956
chr6B	872080	875080	180.56
chr6B	897710	900710	299.609
chr6B	926185	929185	142.73
chr6B	960295	963295	163.847
chr6B	988720	991720	124.7
chr6D	10000	13000	167.947
chr6D	21370	24370	124.056
chr6D	44107	47107	216.553
chr6D	78260	81260	78.893
chr6D	101050	104050	136.564
chr6D	181027	184027	165.359
chr6D	209444	212444	224.219
chr6D	232175	235175	179.888
chr6D	271967	274967	179.778
chr6D	317480	320480	206.329
chr6D	362983	365983	188.465
chr6D	385720	388720	283.08
chr6D	410351	413351	174.805
chr6D	436875	439875	203.346
chr6D	453930	456930	142.904
chr6D	475719	478719	163.447
chr6D	510771	513771	159.688
chr6D	537295	540295	154.925
chr6D	565988	568988	141.797
chr6D	595079	598079	140.952
chr6D	622825	625825	134.342
chr6D	654125	657125	230.959
chr6D	671610	674610	130.617
chr6D	688685	691685	14.2122
chr6D	711440	714440	121.693
chr6D	751270	754270	72.6407
chr6D	774060	777060	162.643
chr6D	796850	799850	120.213
chr6D	830956	833956	110.687
chr6D	858422	861422	186.922
chr6D	876420	879420	169.116
chr6D	950710	953710	178.507
chr6D	1001902	1004902	140.039
chr6D	1036010	1039010	118.955
chr6D	1064436	1067436	163.733
chr6D	1128736	1131736	129.262
chr6D	1141150	1144150	154.916
chr6D	1152520	1155520	258.232
chr6D	1175262	1178262	155.197
chr6D	1209368	1212368	160.654
chr7A	15685	18685	160.993
chr7A	38440	41440	135.832
chr7A	61195	64195	154.88
chr7A	78855	81855	76.2096
chr7A	90830	93830	199.821
chr7A	102810	105810	77.1307
chr7A	114789	117789	167.132
chr7A	160303	163303	151.285
chr7A	183039	186039	105.719
chr7A	194410	197410	85.9237
chr7A	228550	231550	173.618
chr7A	251300	254300	104.34
chr7A	262670	265670	234.305
chr7A	285403	288403	176.621
chr7A	313840	316840	23.9811
chr7A	330910	333910	160.237
chr7A	342284	345284	193.769
chr7A	353657	356657	148.553
chr7A	365030	368030	276.02
chr7A	376400	379400	179.911
chr7A	387770	390770	118.814
chr7A	412402	415402	152.754
chr7A	444620	447620	108.471
chr7A	501680	504680	115.013
chr7A	513050	516050	55.9662
chr7A	535790	538790	94.4239
chr7A	581263	584263	134.009
chr7A	610627	613627	114.174
chr7A	639988	642988	120.169
chr7A	668950	671950	116.515
chr7A	695565	698565	126.094
chr7A	714827	717827	126.971
chr7A	734725	737725	131.918
chr7A	751780	754780	149.803
chr7A	776408	779408	197.154
chr7A	797250	800250	309.885
chr7A	808620	811620	127.942
chr7A	819995	822995	262.484
chr7A	840837	843837	142.9
chr7A	872091	875091	127.992
chr7A	888190	891190	96.7963
chr7A	922340	925340	144.572
chr7A	939410	942410	426.82
chr7A	956480	959480	204.235
chr7A	967850	970850	144.071
chr7A	984905	987905	158.581
chr7A	1001960	1004960	144.461
chr7A	1013330	1016330	165.196
chr7A	1024710	1027710	113.379
chr7A	1047444	1050444	158.931
chr7A	1070180	1073180	189.455
chr7A	1081560	1084560	98.0563
chr7A	1092930	1095930	213.316
chr7A	1104300	1107300	67.3582
chr7A	1127035	1130035	170.532
chr7A	1207010	1210010	215.09
chr7A	1235433	1238433	152.173
chr7A	1275260	1278260	168.472
chr7A	1298009	1301009	225.622
chr7A	1315080	1318080	72.0679
chr7A	1343518	1346518	176.439
chr7A	1363405	1366405	159.829
chr7B	21363	24363	131.182
chr7B	89789	92789	171.221
chr7B	112530	115530	140.346
chr7B	135280	138280	185.103
chr7B	158007	161007	182.474
chr7B	186423	189423	205.937
chr7B	209155	212155	136.327
chr7B	260346	263346	143.036
chr7B	318847	321847	165.453
chr7B	339960	342960	124.481
chr7B	351330	354330	77.6283
chr7B	408277	411277	128.499
chr7B	437637	440637	138.204
chr7B	465102	468102	146.096
chr7B	494327	497327	131.794
chr7B	520309	523309	131.381
chr7B	547527	550527	217.955
chr7B	567440	570440	139.842
chr7B	590179	593179	85.3548
chr7B	617649	620649	147.61
chr7B	635650	638650	195.301
chr7B	658387	661387	164.785
chr7B	717158	720158	158.015
chr7B	738000	741000	169.112
chr7B	755055	758055	157.358
chr7B	792032	795032	168.678
chr7B	806255	809255	188.491
chr7B	823310	826310	204.746
chr7B	875220	878220	184.125
chr7B	933323	936323	194.073
chr7B	961302	964302	179.383
chr7B	985010	988010	201.171
chr7B	1007765	1010765	279.268
chr7B	1024840	1027840	159.173
chr7B	1041910	1044910	63.9304
chr7B	1058980	1061980	146.59
chr7B	1081770	1084770	140.474
chr7B	1104560	1107560	175.25
chr7B	1115930	1118930	467.168
chr7B	1138672	1141672	192.532
chr7B	1167088	1170088	184.151
chr7B	1184140	1187140	83.604
chr7B	1195510	1198510	172.481
chr7D	15685	18685	170.065
chr7D	38440	41440	285.34
chr7D	61195	64195	197.708
chr7D	78250	81250	188.971
chr7D	100986	103986	215.485
chr7D	123730	126730	181.85
chr7D	135100	138100	156.424
chr7D	146470	149470	184.486
chr7D	157840	160840	134.58
chr7D	180577	183577	163.605
chr7D	200467	203467	289.359
chr7D	226050	229050	298.507
chr7D	237425	240425	964.124
chr7D	254480	257480	159.798
chr7D	271530	274530	253.85
chr7D	282900	285900	199.21
chr7D	317050	320050	90.1063
chr7D	329045	332045	246.946
chr7D	347350	350350	217.339
chr7D	367575	370575	267.997
chr7D	393485	396485	194.345
chr7D	410540	413540	238.185
chr7D	421910	424910	184.22
chr7D	433280	436280	98.9511
chr7D	458455	461455	194.182
chr7D	475910	478910	170.146
chr7D	490120	493120	343.965
chr7D	501490	504490	204.466
chr7D	512864	515864	138.42
chr7D	529920	532920	172.42
chr7D	546975	549975	159.911
chr7D	570560	573560	121.112
chr7D	589795	592795	206.393
chr7D	604205	607205	171.55
chr7D	628966	631966	175.869
chr7D	652080	655080	161.635
chr7D	672550	675550	155.55
chr7D	683920	686920	176.085
chr7D	695290	698290	174.525
chr7D	715202	718202	118.701
chr7D	740796	743796	237.98
chr7D	767320	770320	166.579
chr7D	791946	794946	166.1
chr7D	821076	824076	163.12
chr7D	850023	853023	153.151
chr7D	867830	870830	174.635
chr7D	880560	883560	77.2183
chr7D	905650	908650	162.625
chr7D	922705	925705	378.909
chr7D	939760	942760	139.189
chr7D	956815	959815	259.065
chr7D	979552	982552	179.405
chr7D	1007965	1010965	248.236
chr7D	1036630	1039630	174.566
chr7D	1056770	1059770	151.228
chr7D	1076680	1079680	171.063
chr7D	1105124	1108124	194.138
chr7D	1127860	1130860	167.793
chr7D	1144916	1147916	172.251
chr7D	1173340	1176340	168.817
chr7D	1184710	1187710	136.074
chr7D	1201766	1204766	223.562
chr7D	1241558	1244558	191.284
chr7D	1267205	1270205	159.337
chr7D	1321564	1324564	219.006
chr7D	1341450	1344450	166.94
chr7D	1379079	1382079	192.531
chr7D	1436662	1439662	183.776
chr7D	1462232	1465232	244.407
chr7D	1482130	1485130	197.492
chr7D	1493505	1496505	209.461
chr7D	1518140	1521140	176.775
chr7D	1536134	1539134	446.34
chr7D	1573086	1576086	183.669
