chr1A	10000	13000	13
chr1A	1060850	1063850	14
chr1A	1106902	1109902	91
chr1A	1135318	1138318	151
chr1A	1158623	1161623	64
chr1A	1176830	1179830	17
chr1A	1188780	1191780	39
chr1A	136080	139080	26
chr1A	157975	160975	6
chr1A	179869	182869	4
chr1A	192130	195130	6
chr1A	215859	218859	62
chr1A	250070	253070	4
chr1A	278580	281580	19
chr1A	324350	327350	12
chr1A	44150	47150	16
chr1A	352774	355774	107
chr1A	378348	381348	51
chr1A	415300	418300	61
chr1A	455120	458120	978
chr1A	466495	469495	266
chr1A	477867	480867	94
chr1A	502504	505504	163
chr1A	526183	529183	96
chr1A	546080	549080	8
chr1A	568817	571817	67
chr1A	597230	600230	9
chr1A	624019	627019	49
chr1A	654080	657080	1
chr1A	682516	685516	102
chr1A	716635	719635	2
chr1A	750759	753759	79
chr1A	776333	779333	85
chr1A	819000	822000	48
chr1A	841757	844757	4
chr1A	864550	867550	10
chr1A	875955	878955	2
chr1A	887360	890360	53
chr1A	980240	983240	50
chr1B	10000	13000	15
chr1B	1023080	1026080	13
chr1B	1034449	1037449	15
chr1B	1068554	1071554	88
chr1B	1088450	1091450	7
chr1B	1102660	1105660	3
chr1B	1125396	1128396	82
chr1B	21370	24370	9
chr1B	123760	126760	10
chr1B	1148140	1151140	66
chr1B	135130	138130	2
chr1B	146500	149500	7
chr1B	192013	195013	71
chr1B	226119	229119	28
chr1B	266893	269893	83
chr1B	294370	297370	44
chr1B	321842	324842	36
chr1B	339840	342840	29
chr1B	385428	388428	70
chr1B	408480	411480	29
chr1B	428587	431587	2
chr1B	456000	459000	1399
chr1B	481844	484844	523
chr1B	511214	514214	75
chr1B	556690	559690	99
chr1B	590800	593800	119
chr1B	636306	639306	68
chr1B	656205	659205	7
chr1B	670420	673420	137
chr1B	78253	81253	73
chr1B	716000	719000	34
chr1B	738740	741740	21
chr1B	761480	764480	102
chr1B	787053	790053	15
chr1B	806949	809949	2
chr1B	818319	821319	8
chr1B	841070	844070	3
chr1B	880895	883895	53
chr1B	909316	912316	24
chr1B	929207	932207	18
chr1B	103847	106847	3
chr1B	949120	952120	4
chr1B	966190	969190	11
chr1B	1006020	1009020	54
chr1D	1010660	1013660	30
chr1D	1022030	1025030	11
chr1D	1044768	1047768	44
chr1D	1107606	1110606	9
chr1D	1136100	1139100	16
chr1D	21363	24363	65
chr1D	1158840	1161840	16
chr1D	1181582	1184582	52
chr1D	129370	132370	40
chr1D	1210000	1213000	54
chr1D	1238412	1241412	94
chr1D	1266826	1269826	27
chr1D	1283870	1286870	19
chr1D	1306620	1309620	31
chr1D	1317990	1320990	4
chr1D	1329360	1332360	20
chr1D	1346430	1349430	3
chr1D	1369183	1372183	56
chr1D	157790	160790	33
chr1D	174865	177865	1
chr1D	197620	200620	32
chr1D	226050	229050	38
chr1D	262051	265051	4
chr1D	280047	283047	2
chr1D	317030	320030	23
chr1D	41257	44257	9
chr1D	339820	342820	1
chr1D	368295	371295	30
chr1D	385349	388349	5
chr1D	396719	399719	23
chr1D	408090	411090	8
chr1D	428315	431315	33
chr1D	456575	459575	24
chr1D	487673	490673	1048
chr1D	514668	517668	88
chr1D	533140	536140	103
chr1D	544510	547510	15
chr1D	567247	570247	317
chr1D	601350	604350	47
chr1D	624094	627094	58
chr1D	75225	78225	17
chr1D	669573	672573	114
chr1D	697985	700985	22
chr1D	726397	729397	103
chr1D	760504	763504	38
chr1D	787784	790784	36
chr1D	805975	808975	4
chr1D	817350	820350	10
chr1D	828720	831720	2
chr1D	851457	854457	27
chr1D	871347	874347	5
chr1D	96607	99607	58
chr1D	902615	905615	62
chr1D	948125	951125	32
chr1D	982230	985230	33
chr1D	999285	1002285	9
chr2A	15685	18685	29
chr2A	118219	121219	72
chr2A	158050	161050	48
chr2A	192190	195190	46
chr2A	203565	206565	8
chr2A	224022	227022	29
chr2A	251285	254285	3
chr2A	305990	308990	12
chr2A	340093	343093	30
chr2A	49790	52790	51
chr2A	408407	411407	43
chr2A	428297	431297	49
chr2A	499750	502750	51
chr2A	522486	525486	132
chr2A	602340	605340	2359
chr2A	628332	631332	25
chr2A	654280	657280	1
chr2A	671440	674440	40
chr2A	694745	697745	15
chr2A	718050	721050	51
chr2A	729935	732935	3
chr2A	752346	755346	345
chr2A	773077	776077	118
chr2A	832866	835866	123
chr2A	861282	864282	33
chr2A	902966	905966	89
chr2A	926076	929076	401
chr2B	10000	13000	116
chr2B	1016961	1019961	5
chr2B	112430	115430	1
chr2B	1056748	1059748	142
chr2B	1076640	1079640	37
chr2B	1125060	1128060	39
chr2B	129505	132505	2
chr2B	157943	160943	89
chr2B	186355	189355	45
chr2B	203400	206400	16
chr2B	231830	234830	17
chr2B	265940	268940	57
chr2B	351596	354596	123
chr2B	380010	383010	28
chr2B	402740	405740	68
chr2B	419795	422795	7
chr2B	431170	434170	30
chr2B	55580	58580	13
chr2B	476750	479750	31
chr2B	523880	526880	128
chr2B	556360	559360	369
chr2B	584784	587784	152
chr2B	614015	617015	1756
chr2B	639725	642725	161
chr2B	668145	671145	266
chr2B	696024	699024	52
chr2B	724985	727985	304
chr2B	84005	87005	77
chr2B	789515	792515	91
chr2B	806570	809570	2
chr2B	817940	820940	11
chr2B	846365	849365	32
chr2B	863420	866420	1
chr2B	874790	877790	44
chr2B	891860	894860	3
chr2B	914615	917615	17
chr2B	934790	937790	2
chr2B	963229	966229	2
chr2B	988543	991543	166
chr2D	112310	115310	66
chr2D	21367	24367	127
chr2D	132207	135207	11
chr2D	146420	149420	27
chr2D	157795	160795	9
chr2D	169170	172170	44
chr2D	213292	216292	38
chr2D	230500	233500	6
chr2D	244110	247110	5
chr2D	257719	260719	70
chr2D	269090	272090	1
chr2D	286145	289145	44
chr2D	312610	315610	20
chr2D	329470	332470	5
chr2D	339069	342069	1
chr2D	354355	357355	39
chr2D	371410	374410	1
chr2D	46938	49938	35
chr2D	382780	385780	11
chr2D	411205	414205	37
chr2D	456715	459715	61
chr2D	496507	499507	168
chr2D	541983	544983	29
chr2D	564720	567720	6
chr2D	576090	579090	56
chr2D	587460	590460	9
chr2D	610197	613197	217
chr2D	639425	642425	334
chr2D	667027	670027	1305
chr2D	686919	689919	120
chr2D	701130	704130	33
chr2D	725761	728761	284
chr2D	83890	86890	117
chr2D	753227	756227	68
chr2D	780693	783693	152
chr2D	810057	813057	114
chr2D	826160	829160	117
chr2D	848900	851900	434
chr3A	10000	13000	17
chr3A	112535	115535	2
chr3A	1076300	1079300	69
chr3A	1127492	1130492	46
chr3A	123910	126910	42
chr3A	1155906	1158906	30
chr3A	1172950	1175950	3
chr3A	1207065	1210065	62
chr3A	1226950	1229950	6
chr3A	1252540	1255540	9
chr3A	1309484	1312484	1
chr3A	1329370	1332370	23
chr3A	1366360	1369360	42
chr3A	146650	149650	46
chr3A	1383430	1386430	1
chr3A	1400500	1403500	25
chr3A	1440329	1443329	46
chr3A	1537940	1540940	44
chr3A	1549310	1552310	1
chr3A	1566366	1569366	50
chr3A	1646346	1649346	43
chr3A	1726313	1729313	60
chr3A	192160	195160	54
chr3A	214899	217899	24
chr3A	249050	252050	43
chr3A	300675	303675	15
chr3A	348046	351046	63
chr3A	382511	385511	42
chr3A	410260	413260	74
chr3A	444370	447370	79
chr3A	455740	458740	20
chr3A	55580	58580	26
chr3A	478477	481477	79
chr3A	506903	509903	121
chr3A	536950	539950	193
chr3A	562798	565798	709
chr3A	586485	589485	567
chr3A	606397	609397	5
chr3A	626310	629310	86
chr3A	637685	640685	1
chr3A	660423	663423	92
chr3A	688835	691835	81
chr3A	78370	81370	1
chr3A	717247	720247	190
chr3A	745685	748685	3
chr3A	768435	771435	40
chr3A	785490	788490	45
chr3A	796860	799860	2
chr3A	808229	811229	50
chr3A	830973	833973	44
chr3A	905090	908090	56
chr3A	101160	104160	43
chr3A	939195	942195	27
chr3A	961949	964949	5
chr3A	984705	987705	26
chr3B	15685	18685	36
chr3B	1058250	1061250	98
chr3B	1121062	1124062	128
chr3B	123940	126940	26
chr3B	1149478	1152478	49
chr3B	1166530	1169530	27
chr3B	1183600	1186600	3
chr3B	1200670	1203670	21
chr3B	1212040	1215040	4
chr3B	1229093	1232093	148
chr3B	146680	149680	6
chr3B	169429	172429	12
chr3B	197850	200850	60
chr3B	214905	217905	1
chr3B	237643	240643	70
chr3B	271750	274750	35
chr3B	328820	331820	56
chr3B	340190	343190	3
chr3B	351560	354560	3
chr3B	362930	365930	6
chr3B	379985	382985	11
chr3B	408410	411410	81
chr3B	435880	438880	96
chr3B	467144	470144	472
chr3B	492719	495719	695
chr3B	523984	526984	423
chr3B	550505	553505	137
chr3B	578916	581916	504
chr3B	598815	601815	118
chr3B	624393	627393	335
chr3B	652830	655830	1
chr3B	676527	679527	44
chr3B	703997	706997	20
chr3B	84115	87115	140
chr3B	760873	763873	113
chr3B	794980	797980	33
chr3B	806350	809350	12
chr3B	824865	827865	29
chr3B	869080	872080	3
chr3B	926027	929027	27
chr3B	945917	948917	13
chr3D	15685	18685	189
chr3D	1024330	1027330	8
chr3D	1058438	1061438	38
chr3D	1078330	1081330	15
chr3D	1103910	1106910	13
chr3D	1115290	1118290	6
chr3D	1138022	1141022	57
chr3D	125132	128132	94
chr3D	1163595	1166595	51
chr3D	1197710	1200710	21
chr3D	1229010	1232010	131
chr3D	1263114	1266114	71
chr3D	153545	156545	27
chr3D	170590	173590	8
chr3D	193340	196340	6
chr3D	216080	219080	1
chr3D	227450	230450	19
chr3D	238820	241820	38
chr3D	319050	322050	33
chr3D	375996	378996	67
chr3D	404410	407410	51
chr3D	432823	435823	74
chr3D	458402	461402	56
chr3D	55476	58476	58
chr3D	478300	481300	7
chr3D	506830	509830	2
chr3D	546730	549730	1688
chr3D	575155	578155	183
chr3D	592210	595210	6
chr3D	603580	606580	60
chr3D	614950	617950	2
chr3D	637686	640686	169
chr3D	677480	680480	199
chr3D	707527	710527	88
chr3D	81322	84322	29
chr3D	725797	728797	59
chr3D	740010	743010	19
chr3D	751380	754380	96
chr3D	774119	777119	84
chr3D	802536	805536	30
chr3D	830953	833953	66
chr3D	853690	856690	9
chr3D	867910	870910	14
chr3D	899200	902200	26
chr3D	102035	105035	5
chr3D	939030	942030	123
chr3D	964625	967625	4
chr3D	990223	993223	79
chr4A	10000	13000	13
chr4A	1014353	1017353	32
chr4A	1070593	1073593	84
chr4A	1093350	1096350	4
chr4A	1121788	1124788	501
chr4A	1142626	1145626	41
chr4A	1172943	1175943	12
chr4A	1212738	1215738	29
chr4A	1232625	1235625	12
chr4A	1269575	1272575	36
chr4A	1315052	1318052	26
chr4A	1337790	1340790	3
chr4A	1349160	1352160	19
chr4A	1377583	1380583	48
chr4A	1411693	1414693	8
chr4A	1440120	1443120	1
chr4A	1479943	1482943	95
chr4A	1531210	1534210	60
chr4A	163840	166840	38
chr4A	1576790	1579790	1
chr4A	27075	30075	1
chr4A	197950	200950	34
chr4A	243460	246460	25
chr4A	271880	274880	7
chr4A	309400	312400	12
chr4A	369733	372733	25
chr4A	395303	398303	25
chr4A	49830	52830	20
chr4A	449410	452410	42
chr4A	489219	492219	35
chr4A	509170	512170	1
chr4A	529120	532120	27
chr4A	540495	543495	3
chr4A	554717	557717	42
chr4A	586010	589010	429
chr4A	605922	608922	10
chr4A	633140	636140	1361
chr4A	655388	658388	73
chr4A	745590	748590	56
chr4A	774951	777951	99
chr4A	791050	794050	34
chr4A	825163	828163	30
chr4A	845050	848050	38
chr4A	101090	104090	16
chr4A	927867	930867	31
chr4A	956420	959420	2
chr4A	973610	976610	18
chr4B	15685	18685	36
chr4B	1014227	1017227	31
chr4B	1034115	1037115	18
chr4B	114100	117100	6
chr4B	138370	141370	20
chr4B	161110	164110	13
chr4B	200935	203935	11
chr4B	229360	232360	4
chr4B	246435	249435	1
chr4B	263510	266510	15
chr4B	297650	300650	3
chr4B	331757	334757	27
chr4B	357332	360332	49
chr4B	400000	403000	33
chr4B	417070	420070	1
chr4B	434140	437140	34
chr4B	468253	471253	63
chr4B	491006	494006	2
chr4B	513760	516760	1081
chr4B	525130	528130	6
chr4B	539352	542352	101
chr4B	564950	567950	258
chr4B	592569	595569	400
chr4B	618962	621962	328
chr4B	674891	677891	110
chr4B	692887	695887	39
chr4B	78430	81430	55
chr4B	707099	710099	3
chr4B	724155	727155	40
chr4B	765841	768841	32
chr4B	783837	786837	24
chr4B	809470	812470	4
chr4B	832260	835260	10
chr4B	843630	846630	7
chr4B	860685	863685	35
chr4B	96265	99265	1
chr4B	883439	886439	9
chr4B	906195	909195	13
chr4B	940300	943300	18
chr4B	974730	977730	11
chr4B	988794	991794	19
chr4D	15685	18685	106
chr4D	135160	138160	19
chr4D	180740	183740	23
chr4D	237810	240810	18
chr4D	318030	321030	15
chr4D	363620	366620	20
chr4D	398000	401000	33
chr4D	420915	423915	3
chr4D	449515	452515	63
chr4D	466569	469569	1
chr4D	477939	480939	50
chr4D	489310	492310	10
chr4D	500680	503680	34
chr4D	61195	64195	14
chr4D	546193	549193	1854
chr4D	574630	577630	9
chr4D	604961	607961	95
chr4D	622957	625957	26
chr4D	682746	685746	110
chr4D	705490	708490	54
chr4D	83950	86950	2
chr4D	797420	800420	47
chr4D	831560	834560	9
chr4D	854310	857310	79
chr4D	888450	891450	39
chr4D	899820	902820	14
chr4D	911190	914190	34
chr4D	101020	104020	4
chr5A	10000	13000	469
chr5A	1015759	1018759	1
chr5A	1027129	1030129	25
chr5A	1038500	1041500	1
chr5A	1049870	1052870	50
chr5A	1118302	1121302	146
chr5A	135039	138039	119
chr5A	163530	166530	42
chr5A	181260	184260	13
chr5A	250822	253822	50
chr5A	34870	37870	70
chr5A	283040	286040	33
chr5A	317143	320143	93
chr5A	351250	354250	8
chr5A	375080	378080	16
chr5A	387000	390000	2
chr5A	404600	407600	41
chr5A	421655	424655	2
chr5A	444393	447393	103
chr5A	472830	475830	1
chr5A	495585	498585	101
chr5A	60208	63208	231
chr5A	512640	515640	2
chr5A	529690	532690	54
chr5A	580883	583883	170
chr5A	603620	606620	26
chr5A	614990	617990	106
chr5A	683423	686423	97
chr5A	752550	755550	80
chr5A	769965	772965	2
chr5A	87943	90943	271
chr5A	793065	796065	48
chr5A	832857	835857	115
chr5A	901167	904167	85
chr5A	922006	925006	44
chr5A	958460	961460	51
chr5A	979680	982680	16
chr5A	993020	996020	4
chr5A	1004389	1007389	2
chr5A	109457	112457	55
chr5B	10000	13000	30
chr5B	1012547	1015547	72
chr5B	1035290	1038290	9
chr5B	1058022	1061022	74
chr5B	1092128	1095128	48
chr5B	118255	121255	33
chr5B	1119600	1122600	76
chr5B	1149066	1152066	173
chr5B	1252980	1255980	33
chr5B	1270050	1273050	3
chr5B	1287120	1290120	31
chr5B	1309858	1312858	40
chr5B	1343968	1346968	35
chr5B	1363860	1366860	5
chr5B	1400812	1403812	82
chr5B	1420700	1423700	40
chr5B	1434910	1437910	1
chr5B	1457648	1460648	184
chr5B	1480389	1483389	3
chr5B	1491770	1494770	8
chr5B	1531613	1534613	16
chr5B	163765	166765	21
chr5B	1560040	1563040	81
chr5B	192190	195190	8
chr5B	272420	275420	54
chr5B	300950	303950	1
chr5B	329480	332480	21
chr5B	365216	368216	161
chr5B	393426	396426	1358
chr5B	49825	52825	33
chr5B	409055	412055	150
chr5B	420424	423424	3
chr5B	434647	437647	100
chr5B	465940	468940	212
chr5B	477310	480310	5
chr5B	500050	503050	62
chr5B	519940	522940	119
chr5B	545770	548770	12
chr5B	591610	594610	28
chr5B	614400	617400	5
chr5B	648553	651553	257
chr5B	691212	694212	27
chr5B	705435	708435	4
chr5B	716810	719810	11
chr5B	773753	776753	16
chr5B	796490	799490	7
chr5B	819227	822227	163
chr5B	839117	842117	42
chr5B	881785	884785	82
chr5B	932977	935977	70
chr5B	960442	963442	14
chr5B	978439	981439	15
chr5B	989810	992810	1
chr5D	10000	13000	48
chr5D	112330	115330	5
chr5D	1045964	1048964	59
chr5D	1074378	1077378	40
chr5D	1102794	1105794	44
chr5D	1131213	1134213	66
chr5D	123702	126702	37
chr5D	1159640	1162640	5
chr5D	1188070	1191070	47
chr5D	1205120	1208120	2
chr5D	1216495	1219495	35
chr5D	1239236	1242236	28
chr5D	135075	138075	2
chr5D	1273350	1276350	20
chr5D	1284719	1287719	2
chr5D	1296090	1299090	24
chr5D	1341596	1344596	144
chr5D	1364330	1367330	6
chr5D	146450	149450	45
chr5D	1387072	1390072	86
chr5D	1409810	1412810	5
chr5D	1427420	1430420	20
chr5D	1483800	1486800	86
chr5D	157820	160820	3
chr5D	1569156	1572156	106
chr5D	1614633	1617633	57
chr5D	174869	177869	23
chr5D	1660140	1663140	21
chr5D	1705652	1708652	264
chr5D	208980	211980	31
chr5D	226035	229035	2
chr5D	250397	253397	60
chr5D	279089	282089	77
chr5D	38425	41425	31
chr5D	304903	307903	910
chr5D	334035	337035	256
chr5D	362453	365453	161
chr5D	388027	391027	24
chr5D	419293	422293	63
chr5D	444863	447863	106
chr5D	464760	467760	3
chr5D	476130	479130	30
chr5D	487500	490500	5
chr5D	506760	509760	66
chr5D	528682	531682	54
chr5D	66850	69850	21
chr5D	613590	616590	53
chr5D	636414	639414	47
chr5D	661476	664476	104
chr5D	78220	81220	3
chr5D	727630	730630	43
chr5D	761743	764743	50
chr5D	790155	793155	70
chr5D	818567	821567	37
chr5D	838457	841457	68
chr5D	95275	98275	59
chr5D	864040	867040	13
chr5D	886790	889790	11
chr5D	898160	901160	3
chr5D	909530	912530	25
chr5D	920900	923900	11
chr5D	932270	935270	30
chr5D	943640	946640	1
chr5D	955010	958010	19
chr5D	966384	969384	3
chr5D	989123	992123	109
chr5D	1009010	1012010	15
chr6A	10000	13000	51
chr6A	112470	115470	42
chr6A	27070	30070	1
chr6A	204400	207400	21
chr6A	267165	270165	114
chr6A	284260	287260	1
chr6A	306198	309198	145
chr6A	326907	329907	44
chr6A	44140	47140	67
chr6A	358280	361280	1
chr6A	386810	389810	19
chr6A	415345	418345	1
chr6A	456866	459866	49
chr6A	482845	485845	262
chr6A	500710	503710	9
chr6A	512080	515080	647
chr6A	534820	537820	386
chr6A	562110	565110	275
chr6A	66930	69930	2
chr6A	580305	583305	12
chr6A	594527	597527	33
chr6A	625820	628820	78
chr6A	649040	652040	2
chr6A	672260	675260	5
chr6A	695676	698676	59
chr6A	724264	727264	28
chr6A	746995	749995	16
chr6A	775840	778840	7
chr6A	89720	92720	9
chr6A	833340	836340	20
chr6A	856080	859080	15
chr6A	890193	893193	80
chr6A	915763	918763	24
chr6A	101095	104095	1
chr6A	964115	967115	119
chr6A	981170	984170	4
chr6A	998225	1001225	148
chr6B	22990	25990	112
chr6B	181200	184200	45
chr6B	198270	201270	1
chr6B	215340	218340	29
chr6B	255170	258170	33
chr6B	283600	286600	11
chr6B	306340	309340	19
chr6B	340480	343480	1
chr6B	363220	366220	43
chr6B	385965	388965	5
chr6B	403030	406030	3
chr6B	49780	52780	13
chr6B	420100	423100	140
chr6B	431470	434470	14
chr6B	455830	458830	331
chr6B	481812	484812	987
chr6B	511037	514037	719
chr6B	529981	532981	31
chr6B	545140	548140	6
chr6B	567880	570880	53
chr6B	66830	69830	11
chr6B	590620	593620	54
chr6B	615254	618254	34
chr6B	638933	641933	85
chr6B	692967	695967	67
chr6B	712857	715857	26
chr6B	761206	764206	29
chr6B	812400	815400	58
chr6B	851244	854244	44
chr6B	872080	875080	22
chr6B	100970	103970	29
chr6B	926185	929185	43
chr6B	960295	963295	80
chr6B	988720	991720	61
chr6D	10000	13000	26
chr6D	1036010	1039010	9
chr6D	1064436	1067436	27
chr6D	1128736	1131736	23
chr6D	1141150	1144150	3
chr6D	21370	24370	2
chr6D	1152520	1155520	5
chr6D	1175262	1178262	132
chr6D	1209368	1212368	131
chr6D	181027	184027	128
chr6D	209444	212444	40
chr6D	232175	235175	28
chr6D	271967	274967	43
chr6D	317480	320480	9
chr6D	44107	47107	90
chr6D	362983	365983	90
chr6D	385720	388720	5
chr6D	410351	413351	86
chr6D	436875	439875	93
chr6D	453930	456930	12
chr6D	475719	478719	186
chr6D	510771	513771	244
chr6D	537295	540295	860
chr6D	565988	568988	343
chr6D	595079	598079	65
chr6D	622825	625825	67
chr6D	654125	657125	1
chr6D	671610	674610	9
chr6D	688685	691685	2
chr6D	711440	714440	45
chr6D	751270	754270	28
chr6D	774060	777060	2
chr6D	796850	799850	4
chr6D	830956	833956	27
chr6D	858422	861422	31
chr6D	876420	879420	17
chr6D	101050	104050	42
chr6D	950710	953710	86
chr6D	1001902	1004902	35
chr7A	15685	18685	389
chr7A	1013330	1016330	32
chr7A	1047444	1050444	58
chr7A	114789	117789	15
chr7A	1070180	1073180	50
chr7A	1081560	1084560	8
chr7A	1092930	1095930	46
chr7A	1104300	1107300	1
chr7A	1127035	1130035	120
chr7A	1207010	1210010	13
chr7A	1235433	1238433	60
chr7A	1275260	1278260	15
chr7A	1298009	1301009	13
chr7A	1315080	1318080	1
chr7A	1343518	1346518	58
chr7A	1363405	1366405	26
chr7A	160303	163303	41
chr7A	194410	197410	5
chr7A	228550	231550	25
chr7A	239925	242925	1
chr7A	251300	254300	13
chr7A	262670	265670	1
chr7A	285403	288403	29
chr7A	38440	41440	6
chr7A	313840	316840	1
chr7A	330910	333910	105
chr7A	342284	345284	14
chr7A	353657	356657	20
chr7A	365030	368030	1
chr7A	376400	379400	36
chr7A	387770	390770	4
chr7A	412402	415402	29
chr7A	444620	447620	10
chr7A	501680	504680	12
chr7A	513050	516050	3
chr7A	61195	64195	46
chr7A	535790	538790	48
chr7A	581263	584263	96
chr7A	610627	613627	67
chr7A	639988	642988	601
chr7A	668950	671950	714
chr7A	695565	698565	561
chr7A	78855	81855	2
chr7A	714827	717827	20
chr7A	734725	737725	118
chr7A	751780	754780	10
chr7A	776408	779408	32
chr7A	808620	811620	8
chr7A	90830	93830	3
chr7A	819995	822995	2
chr7A	840837	843837	136
chr7A	872091	875091	32
chr7A	888190	891190	15
chr7A	922340	925340	17
chr7A	956480	959480	8
chr7A	967850	970850	3
chr7A	984905	987905	58
chr7A	1001960	1004960	6
chr7B	1024840	1027840	8
chr7B	112530	115530	4
chr7B	1058980	1061980	14
chr7B	1081770	1084770	4
chr7B	1104560	1107560	56
chr7B	1115930	1118930	1
chr7B	1138672	1141672	199
chr7B	21363	24363	47
chr7B	1167088	1170088	22
chr7B	1184140	1187140	9
chr7B	1195510	1198510	99
chr7B	135280	138280	3
chr7B	158007	161007	18
chr7B	186423	189423	6
chr7B	209155	212155	14
chr7B	260346	263346	29
chr7B	318847	321847	50
chr7B	339960	342960	2
chr7B	351330	354330	5
chr7B	408277	411277	27
chr7B	437637	440637	48
chr7B	465102	468102	302
chr7B	494327	497327	24
chr7B	520309	523309	1969
chr7B	567440	570440	155
chr7B	590179	593179	37
chr7B	617649	620649	23
chr7B	658387	661387	317
chr7B	717158	720158	67
chr7B	738000	741000	2
chr7B	755055	758055	23
chr7B	792032	795032	29
chr7B	806255	809255	1
chr7B	89789	92789	7
chr7B	823310	826310	20
chr7B	875220	878220	33
chr7B	933323	936323	21
chr7B	961302	964302	71
chr7B	985010	988010	55
chr7D	15685	18685	168
chr7D	1036630	1039630	60
chr7D	1056770	1059770	24
chr7D	1105124	1108124	106
chr7D	1144916	1147916	15
chr7D	123730	126730	20
chr7D	1173340	1176340	16
chr7D	1184710	1187710	8
chr7D	1201766	1204766	49
chr7D	1241558	1244558	60
chr7D	135100	138100	21
chr7D	1267205	1270205	10
chr7D	1321564	1324564	65
chr7D	1341450	1344450	7
chr7D	146470	149470	29
chr7D	1379079	1382079	34
chr7D	1436662	1439662	35
chr7D	1462232	1465232	33
chr7D	1482130	1485130	8
chr7D	157840	160840	2
chr7D	1493505	1496505	91
chr7D	1518140	1521140	71
chr7D	1536134	1539134	3
chr7D	1573086	1576086	94
chr7D	180577	183577	20
chr7D	200467	203467	11
chr7D	226050	229050	4
chr7D	254480	257480	44
chr7D	271530	274530	2
chr7D	282900	285900	16
chr7D	38440	41440	6
chr7D	317050	320050	1
chr7D	329045	332045	8
chr7D	347350	350350	52
chr7D	367575	370575	3
chr7D	393485	396485	39
chr7D	410540	413540	2
chr7D	421910	424910	30
chr7D	433280	436280	1
chr7D	458455	461455	211
chr7D	475910	478910	21
chr7D	490120	493120	1
chr7D	501490	504490	2
chr7D	512864	515864	2
chr7D	61195	64195	51
chr7D	529920	532920	58
chr7D	546975	549975	9
chr7D	570560	573560	52
chr7D	589795	592795	3
chr7D	604205	607205	1
chr7D	628966	631966	46
chr7D	652080	655080	46
chr7D	672550	675550	14
chr7D	78250	81250	3
chr7D	695290	698290	64
chr7D	715202	718202	2
chr7D	740796	743796	58
chr7D	767320	770320	168
chr7D	791946	794946	47
chr7D	821076	824076	178
chr7D	850023	853023	1413
chr7D	867830	870830	93
chr7D	880560	883560	5
chr7D	905650	908650	71
chr7D	100986	103986	42
chr7D	922705	925705	7
chr7D	939760	942760	94
chr7D	956815	959815	1
chr7D	979552	982552	103
chr7D	1007965	1010965	13
