chr1A	10000	13000	14.3734
chr1A	44150	47150	21.9049
chr1A	136080	139080	29.6484
chr1A	157975	160975	54.7875
chr1A	179869	182869	21.3443
chr1A	192130	195130	40.4087
chr1A	215859	218859	26.8816
chr1A	250070	253070	8.27614
chr1A	278580	281580	23.9826
chr1A	324350	327350	16.082
chr1A	352774	355774	13.9012
chr1A	378348	381348	9.19058
chr1A	415300	418300	9.95808
chr1A	455120	458120	4.60719
chr1A	466495	469495	8.37278
chr1A	477867	480867	9.83784
chr1A	502504	505504	10.9934
chr1A	526183	529183	15.0219
chr1A	546080	549080	24.0333
chr1A	568817	571817	11.5093
chr1A	597230	600230	8.6403
chr1A	624019	627019	20.8977
chr1A	654080	657080	26.6219
chr1A	682516	685516	15.8488
chr1A	716635	719635	23.1766
chr1A	750759	753759	15.409
chr1A	776333	779333	28.262
chr1A	819000	822000	35.535
chr1A	841757	844757	29.1013
chr1A	864550	867550	50.422
chr1A	875955	878955	34.2179
chr1A	887360	890360	23.7852
chr1A	980240	983240	20.334
chr1A	1060850	1063850	12.57
chr1A	1106902	1109902	22.852
chr1A	1135318	1138318	21.4135
chr1A	1158623	1161623	23.8729
chr1A	1176830	1179830	41.8526
chr1A	1188780	1191780	16.8457
chr1B	10000	13000	16.6311
chr1B	21370	24370	19.2141
chr1B	78253	81253	19.2733
chr1B	103847	106847	21.9887
chr1B	123760	126760	18.3483
chr1B	135130	138130	81.6227
chr1B	146500	149500	33.311
chr1B	192013	195013	18.4967
chr1B	226119	229119	29.3436
chr1B	266893	269893	14.2447
chr1B	294370	297370	10.9027
chr1B	321842	324842	12.6587
chr1B	339840	342840	9.42045
chr1B	385428	388428	13.9094
chr1B	408480	411480	14.5156
chr1B	428587	431587	8.03623
chr1B	456000	459000	5.18711
chr1B	481844	484844	8.21459
chr1B	511214	514214	11.7409
chr1B	556690	559690	9.23275
chr1B	590800	593800	13.1607
chr1B	636306	639306	10.0284
chr1B	656205	659205	11.3668
chr1B	670420	673420	9.33363
chr1B	716000	719000	19.8923
chr1B	738740	741740	12.8039
chr1B	761480	764480	14.1952
chr1B	787053	790053	13.6798
chr1B	806949	809949	16.6758
chr1B	818319	821319	34.1937
chr1B	841070	844070	2.93421
chr1B	880895	883895	13.4845
chr1B	909316	912316	12.4282
chr1B	929207	932207	16.0982
chr1B	949120	952120	52.3745
chr1B	966190	969190	33.4126
chr1B	1006020	1009020	17.7574
chr1B	1023080	1026080	40.606
chr1B	1034449	1037449	13.3358
chr1B	1068554	1071554	24.2466
chr1B	1088450	1091450	22.3397
chr1B	1102660	1105660	13.474
chr1B	1125396	1128396	19.8532
chr1B	1148140	1151140	13.669
chr1D	21363	24363	21.2039
chr1D	41257	44257	15.6468
chr1D	75225	78225	48.1966
chr1D	96607	99607	37.0328
chr1D	129370	132370	35.4909
chr1D	157790	160790	22.9449
chr1D	174865	177865	19.9366
chr1D	197620	200620	16.9571
chr1D	226050	229050	20.4308
chr1D	262051	265051	6.09624
chr1D	280047	283047	5.845
chr1D	317030	320030	8.64408
chr1D	339820	342820	3.47256
chr1D	368295	371295	8.16633
chr1D	385349	388349	67.6489
chr1D	396719	399719	11.3861
chr1D	408090	411090	11.154
chr1D	428315	431315	19.3249
chr1D	456575	459575	9.52498
chr1D	487673	490673	6.75928
chr1D	514668	517668	10.8026
chr1D	533140	536140	11.9372
chr1D	544510	547510	9.57702
chr1D	567247	570247	12.2324
chr1D	601350	604350	14.9409
chr1D	624094	627094	21.1866
chr1D	669573	672573	17.1275
chr1D	697985	700985	28.1957
chr1D	726397	729397	16.4606
chr1D	760504	763504	22.6717
chr1D	787784	790784	15.792
chr1D	805975	808975	21.5525
chr1D	817350	820350	12.9706
chr1D	828720	831720	44.7658
chr1D	851457	854457	26.9324
chr1D	871347	874347	9.45103
chr1D	902615	905615	23.2679
chr1D	948125	951125	16.0809
chr1D	982230	985230	22.2761
chr1D	999285	1002285	45.5779
chr1D	1010660	1013660	33.313
chr1D	1022030	1025030	25.5713
chr1D	1044768	1047768	24.1918
chr1D	1107606	1110606	17.8426
chr1D	1136100	1139100	15.9187
chr1D	1158840	1161840	17.0522
chr1D	1181582	1184582	27.4831
chr1D	1210000	1213000	27.5023
chr1D	1238412	1241412	32.8178
chr1D	1266826	1269826	24.1274
chr1D	1283870	1286870	37.565
chr1D	1306620	1309620	36.8774
chr1D	1317990	1320990	21.0555
chr1D	1329360	1332360	20.0222
chr1D	1346430	1349430	45.2946
chr1D	1369183	1372183	17.5936
chr2A	15685	18685	29.2171
chr2A	49790	52790	36.8574
chr2A	118219	121219	21.1274
chr2A	158050	161050	19.6951
chr2A	192190	195190	32.9934
chr2A	203565	206565	42.1232
chr2A	224022	227022	22.7242
chr2A	251285	254285	3.16092
chr2A	305990	308990	36.4019
chr2A	340093	343093	14.6267
chr2A	408407	411407	17.4715
chr2A	428297	431297	12.5438
chr2A	499750	502750	16.8337
chr2A	522486	525486	18.0005
chr2A	602340	605340	5.43721
chr2A	628332	631332	13.7005
chr2A	654280	657280	25.8973
chr2A	671440	674440	15.6157
chr2A	694745	697745	34.2874
chr2A	718050	721050	11.3191
chr2A	729935	732935	4.69662
chr2A	752346	755346	18.3691
chr2A	773077	776077	23.5675
chr2A	832866	835866	20.3046
chr2A	861282	864282	15.4443
chr2A	902966	905966	17.0585
chr2A	926076	929076	24.7314
chr2B	10000	13000	28.1002
chr2B	55580	58580	10.7569
chr2B	84005	87005	19.5913
chr2B	112430	115430	18.5048
chr2B	129505	132505	60.4833
chr2B	157943	160943	21.1216
chr2B	186355	189355	25.4031
chr2B	203400	206400	33.4523
chr2B	231830	234830	15.527
chr2B	265940	268940	10.6532
chr2B	351596	354596	16.8792
chr2B	380010	383010	15.0036
chr2B	402740	405740	13.8671
chr2B	419795	422795	16.6549
chr2B	431170	434170	10.8291
chr2B	476750	479750	10.7109
chr2B	523880	526880	9.43063
chr2B	556360	559360	10.9349
chr2B	584784	587784	8.60561
chr2B	614015	617015	5.97535
chr2B	639725	642725	9.23245
chr2B	668145	671145	10.6491
chr2B	696024	699024	13.5552
chr2B	724985	727985	12.6475
chr2B	789515	792515	10.008
chr2B	806570	809570	35.3563
chr2B	817940	820940	26.5964
chr2B	846365	849365	16.434
chr2B	863420	866420	9.60218
chr2B	874790	877790	17.2865
chr2B	891860	894860	13.9822
chr2B	914615	917615	27.2368
chr2B	934790	937790	24.6021
chr2B	963229	966229	14.0755
chr2B	988543	991543	19.1846
chr2B	1016961	1019961	6.56069
chr2B	1056748	1059748	17.6076
chr2B	1076640	1079640	15.9042
chr2B	1125060	1128060	32.8872
chr2D	21367	24367	28.5558
chr2D	46938	49938	25.7366
chr2D	83890	86890	42.9596
chr2D	112310	115310	36.3026
chr2D	132207	135207	19.8891
chr2D	146420	149420	15.5749
chr2D	157795	160795	33.4187
chr2D	169170	172170	22.2513
chr2D	213292	216292	42.5456
chr2D	230500	233500	15.3397
chr2D	244110	247110	48.0663
chr2D	257719	260719	33.6603
chr2D	269090	272090	35.8128
chr2D	286145	289145	29.9983
chr2D	312610	315610	43.5912
chr2D	329470	332470	33.7915
chr2D	339069	342069	16.0264
chr2D	354355	357355	10.8276
chr2D	371410	374410	6.14541
chr2D	382780	385780	12.4387
chr2D	411205	414205	19.5592
chr2D	456715	459715	11.5325
chr2D	496507	499507	18.1138
chr2D	541983	544983	19.192
chr2D	564720	567720	10.3637
chr2D	576090	579090	20.3324
chr2D	587460	590460	11.1994
chr2D	610197	613197	12.4913
chr2D	639425	642425	9.69386
chr2D	667027	670027	7.389
chr2D	686919	689919	13.8969
chr2D	701130	704130	21.0542
chr2D	725761	728761	18.2297
chr2D	753227	756227	17.1189
chr2D	780693	783693	20.2323
chr2D	810057	813057	21.1939
chr2D	826160	829160	23.7026
chr2D	848900	851900	27.4621
chr3A	10000	13000	15.6129
chr3A	55580	58580	25.6026
chr3A	78370	81370	17.4204
chr3A	101160	104160	37.184
chr3A	112535	115535	11.5627
chr3A	123910	126910	29.3795
chr3A	146650	149650	22.7837
chr3A	192160	195160	27.372
chr3A	214899	217899	20.7013
chr3A	249050	252050	22.3465
chr3A	300675	303675	6.95449
chr3A	348046	351046	19.3623
chr3A	382511	385511	29.2838
chr3A	410260	413260	13.7748
chr3A	444370	447370	23.2384
chr3A	455740	458740	26.6512
chr3A	478477	481477	13.5375
chr3A	506903	509903	7.22668
chr3A	536950	539950	7.79829
chr3A	562798	565798	3.36907
chr3A	586485	589485	9.16269
chr3A	606397	609397	10.8377
chr3A	626310	629310	12.206
chr3A	637685	640685	9.16288
chr3A	660423	663423	13.7404
chr3A	688835	691835	9.75073
chr3A	717247	720247	16.6437
chr3A	745685	748685	13.3681
chr3A	768435	771435	14.4756
chr3A	785490	788490	21.5683
chr3A	796860	799860	19.9772
chr3A	808229	811229	10.5868
chr3A	830973	833973	8.14933
chr3A	905090	908090	20.4461
chr3A	939195	942195	15.6115
chr3A	961949	964949	68.0856
chr3A	984705	987705	15.6784
chr3A	1076300	1079300	16.4501
chr3A	1127492	1130492	15.4388
chr3A	1155906	1158906	11.4682
chr3A	1172950	1175950	11.9332
chr3A	1207065	1210065	12.2659
chr3A	1226950	1229950	20.4599
chr3A	1252540	1255540	11.0206
chr3A	1309484	1312484	9.1797
chr3A	1329370	1332370	11.1748
chr3A	1366360	1369360	18.0503
chr3A	1383430	1386430	38.9332
chr3A	1400500	1403500	23.7149
chr3A	1440329	1443329	14.5565
chr3A	1537940	1540940	14.476
chr3A	1549310	1552310	13.9167
chr3A	1566366	1569366	26.8118
chr3A	1646346	1649346	20.3643
chr3A	1726313	1729313	19.4957
chr3B	15685	18685	18.2136
chr3B	84115	87115	29.0898
chr3B	123940	126940	21.0181
chr3B	146680	149680	20.0688
chr3B	169429	172429	35.3509
chr3B	197850	200850	16.803
chr3B	214905	217905	4.54044
chr3B	237643	240643	17.6772
chr3B	271750	274750	25.6003
chr3B	328820	331820	14.0887
chr3B	340190	343190	12.9992
chr3B	351560	354560	23.7893
chr3B	362930	365930	24.3059
chr3B	379985	382985	5.22017
chr3B	408410	411410	12.3084
chr3B	435880	438880	12.0354
chr3B	467144	470144	8.02456
chr3B	492719	495719	3.8919
chr3B	523984	526984	7.21467
chr3B	550505	553505	7.11142
chr3B	578916	581916	7.72726
chr3B	598815	601815	12.2133
chr3B	624393	627393	9.27711
chr3B	652830	655830	5.66649
chr3B	676527	679527	13.9155
chr3B	703997	706997	8.0142
chr3B	760873	763873	15.7502
chr3B	794980	797980	8.46684
chr3B	806350	809350	10.0334
chr3B	824865	827865	22.5888
chr3B	869080	872080	7.29561
chr3B	926027	929027	10.735
chr3B	945917	948917	8.79573
chr3B	1058250	1061250	15.0101
chr3B	1121062	1124062	17.169
chr3B	1149478	1152478	16.974
chr3B	1166530	1169530	19.2783
chr3B	1183600	1186600	128.364
chr3B	1200670	1203670	23.1314
chr3B	1212040	1215040	10.8942
chr3B	1229093	1232093	23.9632
chr3D	15685	18685	42.4627
chr3D	55476	58476	29.0944
chr3D	81322	84322	47.4256
chr3D	102035	105035	37.0033
chr3D	125132	128132	27.7318
chr3D	153545	156545	13.0731
chr3D	170590	173590	18.088
chr3D	193340	196340	21.3468
chr3D	216080	219080	10.8185
chr3D	227450	230450	21.6179
chr3D	238820	241820	26.8587
chr3D	319050	322050	24.599
chr3D	375996	378996	18.0676
chr3D	404410	407410	22.6458
chr3D	432823	435823	15.3658
chr3D	458402	461402	11.1774
chr3D	478300	481300	13.8525
chr3D	506830	509830	22.9999
chr3D	546730	549730	6.49803
chr3D	575155	578155	14.6062
chr3D	592210	595210	26.7863
chr3D	603580	606580	12.8208
chr3D	614950	617950	17.4043
chr3D	637686	640686	10.9535
chr3D	677480	680480	13.482
chr3D	707527	710527	19.8012
chr3D	725797	728797	16.5591
chr3D	740010	743010	14.5178
chr3D	751380	754380	13.0103
chr3D	774119	777119	17.7497
chr3D	802536	805536	17.1218
chr3D	830953	833953	15.2816
chr3D	853690	856690	25.4705
chr3D	867910	870910	18.956
chr3D	899200	902200	14.5378
chr3D	939030	942030	17.6759
chr3D	964625	967625	23.3898
chr3D	990223	993223	22.9332
chr3D	1024330	1027330	14.2059
chr3D	1058438	1061438	23.594
chr3D	1078330	1081330	16.8719
chr3D	1103910	1106910	27.004
chr3D	1115290	1118290	23.6656
chr3D	1138022	1141022	20.7057
chr3D	1163595	1166595	19.4857
chr3D	1197710	1200710	20.5957
chr3D	1229010	1232010	30.2883
chr3D	1263114	1266114	21.4419
chr4A	10000	13000	17.7321
chr4A	27075	30075	20.6198
chr4A	49830	52830	23.3062
chr4A	101090	104090	13.1255
chr4A	163840	166840	27.2781
chr4A	197950	200950	13.0713
chr4A	243460	246460	28.221
chr4A	271880	274880	14.1191
chr4A	309400	312400	8.92897
chr4A	369733	372733	25.1277
chr4A	395303	398303	8.18515
chr4A	449410	452410	13.5156
chr4A	489219	492219	10.8236
chr4A	509170	512170	12.5666
chr4A	529120	532120	18.2189
chr4A	540495	543495	14.2004
chr4A	554717	557717	13.5435
chr4A	586010	589010	7.65434
chr4A	605922	608922	11.0156
chr4A	633140	636140	3.91119
chr4A	655388	658388	29.8617
chr4A	745590	748590	31.4957
chr4A	774951	777951	24.9997
chr4A	791050	794050	24.1945
chr4A	825163	828163	15.9769
chr4A	845050	848050	25.0258
chr4A	927867	930867	24.7899
chr4A	956420	959420	25.5239
chr4A	973610	976610	14.0737
chr4A	1014353	1017353	14.9938
chr4A	1070593	1073593	27.3415
chr4A	1093350	1096350	17.8597
chr4A	1121788	1124788	11.7477
chr4A	1142626	1145626	13.0953
chr4A	1172943	1175943	9.93567
chr4A	1212738	1215738	19.5992
chr4A	1232625	1235625	12.9888
chr4A	1269575	1272575	24.7271
chr4A	1315052	1318052	10.0631
chr4A	1337790	1340790	44.5567
chr4A	1349160	1352160	22.7629
chr4A	1377583	1380583	12.6166
chr4A	1411693	1414693	7.03544
chr4A	1440120	1443120	7.63306
chr4A	1479943	1482943	28.648
chr4A	1531210	1534210	31.8351
chr4A	1576790	1579790	15.991
chr4B	15685	18685	23.8425
chr4B	78430	81430	23.4251
chr4B	96265	99265	26.7816
chr4B	114100	117100	6.19343
chr4B	138370	141370	12.5106
chr4B	161110	164110	39.0955
chr4B	200935	203935	14.6238
chr4B	229360	232360	8.12376
chr4B	246435	249435	19.4469
chr4B	263510	266510	15.983
chr4B	297650	300650	14.6933
chr4B	331757	334757	13.7086
chr4B	357332	360332	20.4449
chr4B	400000	403000	19.0699
chr4B	417070	420070	20.622
chr4B	434140	437140	34.4197
chr4B	468253	471253	9.07107
chr4B	491006	494006	8.97308
chr4B	513760	516760	4.19964
chr4B	525130	528130	4.3101
chr4B	539352	542352	6.90551
chr4B	564950	567950	6.79475
chr4B	592569	595569	6.93337
chr4B	618962	621962	9.56899
chr4B	674891	677891	9.81564
chr4B	692887	695887	17.0393
chr4B	707099	710099	11.2334
chr4B	724155	727155	16.4988
chr4B	765841	768841	23.9498
chr4B	783837	786837	14.4464
chr4B	809470	812470	51.9042
chr4B	832260	835260	23.5293
chr4B	843630	846630	89.8957
chr4B	860685	863685	19.3366
chr4B	883439	886439	82.8546
chr4B	906195	909195	17.4707
chr4B	940300	943300	12.236
chr4B	974730	977730	24.713
chr4B	988794	991794	33.231
chr4B	1014227	1017227	16.3503
chr4B	1034115	1037115	10.4517
chr4D	15685	18685	34.3103
chr4D	61195	64195	23.8207
chr4D	83950	86950	204.186
chr4D	101020	104020	95.4449
chr4D	135160	138160	40.0622
chr4D	180740	183740	24.8796
chr4D	237810	240810	19.4252
chr4D	318030	321030	28.8886
chr4D	363620	366620	27.2186
chr4D	398000	401000	23.4335
chr4D	420915	423915	41.1901
chr4D	449515	452515	21.3214
chr4D	466569	469569	14.9923
chr4D	477939	480939	12.0661
chr4D	489310	492310	22.7268
chr4D	500680	503680	10.6745
chr4D	546193	549193	6.16479
chr4D	574630	577630	12.1259
chr4D	604961	607961	15.3844
chr4D	622957	625957	27.4072
chr4D	682746	685746	15.3534
chr4D	705490	708490	29.8465
chr4D	797420	800420	24.8751
chr4D	831560	834560	25.0604
chr4D	854310	857310	21.5971
chr4D	888450	891450	30.4718
chr4D	899820	902820	16.6103
chr4D	911190	914190	23.1499
chr5A	10000	13000	5.55124
chr5A	34870	37870	10.0824
chr5A	60208	63208	15.1598
chr5A	87943	90943	13.2913
chr5A	109457	112457	8.45201
chr5A	135039	138039	13.0322
chr5A	163530	166530	10.4908
chr5A	181260	184260	28.2631
chr5A	250822	253822	33.4251
chr5A	283040	286040	13.1964
chr5A	317143	320143	17.3931
chr5A	351250	354250	5.99727
chr5A	375080	378080	34.0896
chr5A	387000	390000	21.8541
chr5A	404600	407600	19.4022
chr5A	421655	424655	29.0061
chr5A	444393	447393	13.3009
chr5A	472830	475830	4.998
chr5A	495585	498585	17.4568
chr5A	512640	515640	40.9593
chr5A	529690	532690	21.4175
chr5A	580883	583883	16.9127
chr5A	603620	606620	21.33
chr5A	614990	617990	21.5945
chr5A	683423	686423	15.4225
chr5A	752550	755550	17.4112
chr5A	769965	772965	8.30285
chr5A	793065	796065	19.9174
chr5A	832857	835857	19.7823
chr5A	901167	904167	16.9136
chr5A	922006	925006	14.4599
chr5A	958460	961460	14.2808
chr5A	979680	982680	12.0803
chr5A	993020	996020	18.7873
chr5A	1004389	1007389	14.5274
chr5A	1015759	1018759	49.1811
chr5A	1027129	1030129	26.0995
chr5A	1038500	1041500	7.82767
chr5A	1049870	1052870	11.6474
chr5A	1118302	1121302	18.1242
chr5B	10000	13000	10.3853
chr5B	49825	52825	18.0685
chr5B	118255	121255	10.5214
chr5B	163765	166765	17.3637
chr5B	192190	195190	11.6412
chr5B	272420	275420	13.1767
chr5B	300950	303950	6.1736
chr5B	329480	332480	15.0036
chr5B	365216	368216	8.9921
chr5B	393426	396426	5.74713
chr5B	409055	412055	10.037
chr5B	420424	423424	8.1608
chr5B	434647	437647	9.47759
chr5B	465940	468940	12.0115
chr5B	477310	480310	6.96616
chr5B	500050	503050	13.7627
chr5B	519940	522940	11.3849
chr5B	545770	548770	17.2605
chr5B	591610	594610	13.6706
chr5B	614400	617400	16.4907
chr5B	648553	651553	14.5504
chr5B	691212	694212	28.2231
chr5B	705435	708435	13.2179
chr5B	716810	719810	12.0672
chr5B	773753	776753	7.80793
chr5B	796490	799490	20.8503
chr5B	819227	822227	10.4702
chr5B	839117	842117	15.0197
chr5B	881785	884785	13.5083
chr5B	932977	935977	11.8467
chr5B	960442	963442	12.1105
chr5B	978439	981439	9.02142
chr5B	989810	992810	50.7099
chr5B	1012547	1015547	14.784
chr5B	1035290	1038290	34.9944
chr5B	1058022	1061022	11.5751
chr5B	1092128	1095128	8.20223
chr5B	1119600	1122600	14.1481
chr5B	1149066	1152066	16.8285
chr5B	1252980	1255980	15.0395
chr5B	1270050	1273050	99.5851
chr5B	1287120	1290120	13.0855
chr5B	1309858	1312858	15.7626
chr5B	1343968	1346968	20.3787
chr5B	1363860	1366860	30.3606
chr5B	1400812	1403812	19.0563
chr5B	1420700	1423700	21.4035
chr5B	1434910	1437910	35.2497
chr5B	1457648	1460648	22.2871
chr5B	1480389	1483389	31.4832
chr5B	1491770	1494770	25.5432
chr5B	1531613	1534613	18.3156
chr5B	1560040	1563040	22.6083
chr5D	10000	13000	18.3449
chr5D	38425	41425	16.1898
chr5D	66850	69850	29.5369
chr5D	78220	81220	19.6799
chr5D	95275	98275	10.0105
chr5D	112330	115330	10.1939
chr5D	123702	126702	16.9935
chr5D	135075	138075	18.9104
chr5D	146450	149450	12.5861
chr5D	157820	160820	11.9676
chr5D	174869	177869	10.0275
chr5D	208980	211980	14.9133
chr5D	226035	229035	30.673
chr5D	250397	253397	15.254
chr5D	279089	282089	15.2989
chr5D	304903	307903	6.58485
chr5D	334035	337035	9.96776
chr5D	362453	365453	12.0078
chr5D	388027	391027	9.39581
chr5D	419293	422293	14.354
chr5D	444863	447863	15.7679
chr5D	464760	467760	9.64609
chr5D	476130	479130	18.8313
chr5D	487500	490500	13.8383
chr5D	506760	509760	19.9081
chr5D	528682	531682	12.9593
chr5D	613590	616590	11.3663
chr5D	636414	639414	17.4104
chr5D	661476	664476	15.015
chr5D	727630	730630	21.9322
chr5D	761743	764743	17.9445
chr5D	790155	793155	25.5496
chr5D	818567	821567	24.4605
chr5D	838457	841457	22.3855
chr5D	864040	867040	35.7045
chr5D	886790	889790	22.106
chr5D	898160	901160	20.2165
chr5D	909530	912530	19.0465
chr5D	920900	923900	39.3744
chr5D	932270	935270	15.4041
chr5D	943640	946640	7.34829
chr5D	955010	958010	25.7403
chr5D	966384	969384	30.7119
chr5D	989123	992123	19.4759
chr5D	1009010	1012010	10.494
chr5D	1045964	1048964	16.31
chr5D	1074378	1077378	21.3991
chr5D	1102794	1105794	22.5697
chr5D	1131213	1134213	22.0383
chr5D	1159640	1162640	12.3186
chr5D	1188070	1191070	20.896
chr5D	1205120	1208120	16.0865
chr5D	1216495	1219495	26.9026
chr5D	1239236	1242236	24.5427
chr5D	1273350	1276350	20.4492
chr5D	1284719	1287719	20.1953
chr5D	1296090	1299090	20.03
chr5D	1341596	1344596	17.0545
chr5D	1364330	1367330	17.3359
chr5D	1387072	1390072	23.508
chr5D	1409810	1412810	60.3544
chr5D	1427420	1430420	30.0647
chr5D	1483800	1486800	30.4579
chr5D	1569156	1572156	22.1409
chr5D	1614633	1617633	21.246
chr5D	1660140	1663140	20.9355
chr5D	1705652	1708652	25.7679
chr6A	10000	13000	30.2106
chr6A	27070	30070	35.2609
chr6A	44140	47140	23.0767
chr6A	66930	69930	8.47483
chr6A	89720	92720	13.9117
chr6A	101095	104095	29.4273
chr6A	112470	115470	21.3744
chr6A	204400	207400	24.3981
chr6A	267165	270165	28.6877
chr6A	284260	287260	44.5692
chr6A	306198	309198	19.3716
chr6A	326907	329907	9.32278
chr6A	358280	361280	13.6964
chr6A	386810	389810	13.4475
chr6A	415345	418345	12.408
chr6A	456866	459866	9.38755
chr6A	482845	485845	10.0722
chr6A	500710	503710	11.6308
chr6A	512080	515080	3.06863
chr6A	534820	537820	7.89988
chr6A	562110	565110	12.3576
chr6A	580305	583305	9.42589
chr6A	594527	597527	15.9829
chr6A	625820	628820	11.3006
chr6A	649040	652040	16.153
chr6A	672260	675260	11.9121
chr6A	695676	698676	13.4016
chr6A	724264	727264	24.5162
chr6A	746995	749995	20.1222
chr6A	775840	778840	14.9894
chr6A	833340	836340	8.82944
chr6A	856080	859080	23.9723
chr6A	890193	893193	28.4042
chr6A	915763	918763	25.9162
chr6A	964115	967115	26.1279
chr6A	981170	984170	22.3506
chr6A	998225	1001225	30.9256
chr6B	22990	25990	20.7273
chr6B	49780	52780	22.0795
chr6B	66830	69830	20.3619
chr6B	100970	103970	23.4704
chr6B	181200	184200	16.2163
chr6B	198270	201270	33.0218
chr6B	215340	218340	19.2851
chr6B	255170	258170	19.9077
chr6B	283600	286600	7.1508
chr6B	306340	309340	9.80706
chr6B	340480	343480	2.55766
chr6B	363220	366220	14.7219
chr6B	385965	388965	16.4333
chr6B	403030	406030	17.8674
chr6B	420100	423100	16.1938
chr6B	431470	434470	10.3355
chr6B	455830	458830	8.1585
chr6B	481812	484812	4.58935
chr6B	511037	514037	6.97232
chr6B	529981	532981	9.93886
chr6B	545140	548140	8.27379
chr6B	567880	570880	15.4753
chr6B	590620	593620	8.82307
chr6B	615254	618254	10.5004
chr6B	638933	641933	13.7288
chr6B	692967	695967	13.0769
chr6B	712857	715857	12.6588
chr6B	761206	764206	17.0195
chr6B	812400	815400	18.9985
chr6B	851244	854244	13.928
chr6B	872080	875080	12.1107
chr6B	926185	929185	20.39
chr6B	960295	963295	29.4556
chr6B	988720	991720	27.461
chr6D	10000	13000	20.8929
chr6D	21370	24370	31.014
chr6D	44107	47107	35.5004
chr6D	101050	104050	33.3471
chr6D	181027	184027	35.7532
chr6D	209444	212444	21.3035
chr6D	232175	235175	18.1836
chr6D	271967	274967	21.2375
chr6D	317480	320480	18.5696
chr6D	362983	365983	25.2785
chr6D	385720	388720	38.2541
chr6D	410351	413351	21.055
chr6D	436875	439875	17.7071
chr6D	453930	456930	14.5326
chr6D	475719	478719	14.9907
chr6D	510771	513771	12.0519
chr6D	537295	540295	5.42665
chr6D	565988	568988	13.4876
chr6D	595079	598079	12.7425
chr6D	622825	625825	13.1978
chr6D	654125	657125	12.831
chr6D	671610	674610	65.3087
chr6D	688685	691685	28.4244
chr6D	711440	714440	20.51
chr6D	751270	754270	24.5053
chr6D	774060	777060	20.3304
chr6D	796850	799850	13.7386
chr6D	830956	833956	18.7959
chr6D	858422	861422	15.535
chr6D	876420	879420	13.6904
chr6D	950710	953710	27.4626
chr6D	1001902	1004902	22.797
chr6D	1036010	1039010	31.4881
chr6D	1064436	1067436	30.4882
chr6D	1128736	1131736	47.9521
chr6D	1141150	1144150	12.9097
chr6D	1152520	1155520	33.1067
chr6D	1175262	1178262	25.1362
chr6D	1209368	1212368	33.0908
chr7A	15685	18685	25.1007
chr7A	38440	41440	28.1032
chr7A	61195	64195	21.5241
chr7A	78855	81855	21.7742
chr7A	90830	93830	10.5169
chr7A	114789	117789	20.7189
chr7A	160303	163303	10.1186
chr7A	194410	197410	25.2717
chr7A	228550	231550	9.37464
chr7A	239925	242925	20.0369
chr7A	251300	254300	34.78
chr7A	262670	265670	4.88136
chr7A	285403	288403	9.26222
chr7A	313840	316840	11.9906
chr7A	330910	333910	17.9946
chr7A	342284	345284	22.6064
chr7A	353657	356657	17.6849
chr7A	365030	368030	9.85785
chr7A	376400	379400	9.08384
chr7A	387770	390770	23.7628
chr7A	412402	415402	15.0165
chr7A	444620	447620	19.3699
chr7A	501680	504680	15.8639
chr7A	513050	516050	11.9928
chr7A	535790	538790	22.0017
chr7A	581263	584263	15.1887
chr7A	610627	613627	9.84514
chr7A	639988	642988	9.42717
chr7A	668950	671950	4.29399
chr7A	695565	698565	8.57125
chr7A	714827	717827	9.80474
chr7A	734725	737725	11.7482
chr7A	751780	754780	21.4004
chr7A	776408	779408	9.87313
chr7A	808620	811620	6.82355
chr7A	819995	822995	7.83533
chr7A	840837	843837	15.0655
chr7A	872091	875091	17.4287
chr7A	888190	891190	20.1659
chr7A	922340	925340	41.6564
chr7A	956480	959480	14.3323
chr7A	967850	970850	144.071
chr7A	984905	987905	12.1342
chr7A	1001960	1004960	8.58182
chr7A	1013330	1016330	18.4834
chr7A	1047444	1050444	16.2862
chr7A	1070180	1073180	15.4279
chr7A	1081560	1084560	35.6568
chr7A	1092930	1095930	16.7736
chr7A	1104300	1107300	9.6226
chr7A	1127035	1130035	18.2713
chr7A	1207010	1210010	9.91549
chr7A	1235433	1238433	18.0799
chr7A	1275260	1278260	16.6255
chr7A	1298009	1301009	36.2109
chr7A	1315080	1318080	14.4136
chr7A	1343518	1346518	17.5532
chr7A	1363405	1366405	29.896
chr7B	21363	24363	24.1786
chr7B	89789	92789	17.6257
chr7B	112530	115530	7.58625
chr7B	135280	138280	9.91621
chr7B	158007	161007	15.5665
chr7B	186423	189423	6.2722
chr7B	209155	212155	9.00275
chr7B	260346	263346	9.60195
chr7B	318847	321847	9.90739
chr7B	339960	342960	12.4481
chr7B	351330	354330	18.4829
chr7B	408277	411277	9.77319
chr7B	437637	440637	10.2532
chr7B	465102	468102	9.47207
chr7B	494327	497327	9.11546
chr7B	520309	523309	5.7193
chr7B	567440	570440	7.04667
chr7B	590179	593179	12.2884
chr7B	617649	620649	16.9752
chr7B	658387	661387	10.2466
chr7B	717158	720158	10.3389
chr7B	738000	741000	15.3739
chr7B	755055	758055	9.04806
chr7B	792032	795032	10.634
chr7B	806255	809255	11.0877
chr7B	823310	826310	10.9783
chr7B	875220	878220	8.52191
chr7B	933323	936323	6.95482
chr7B	961302	964302	16.8468
chr7B	985010	988010	10.4381
chr7B	1024840	1027840	6.66694
chr7B	1058980	1061980	13.8666
chr7B	1081770	1084770	14.0474
chr7B	1104560	1107560	21.3813
chr7B	1115930	1118930	51.9076
chr7B	1138672	1141672	16.2072
chr7B	1167088	1170088	18.1674
chr7B	1184140	1187140	57.8797
chr7B	1195510	1198510	22.8284
chr7D	15685	18685	29.3638
chr7D	38440	41440	50.3542
chr7D	61195	64195	17.6897
chr7D	78250	81250	26.9959
chr7D	100986	103986	31.4249
chr7D	123730	126730	26.7426
chr7D	135100	138100	23.9774
chr7D	146470	149470	24.2086
chr7D	157840	160840	26.9161
chr7D	180577	183577	20.0742
chr7D	200467	203467	18.9461
chr7D	226050	229050	15.1143
chr7D	254480	257480	19.2633
chr7D	271530	274530	7.35797
chr7D	282900	285900	19.7973
chr7D	317050	320050	6.43617
chr7D	329045	332045	17.1788
chr7D	347350	350350	11.6153
chr7D	367575	370575	23.6468
chr7D	393485	396485	20.266
chr7D	410540	413540	28.0218
chr7D	421910	424910	18.8621
chr7D	433280	436280	49.4756
chr7D	458455	461455	22.3771
chr7D	475910	478910	14.1788
chr7D	490120	493120	4.29956
chr7D	501490	504490	45.437
chr7D	512864	515864	34.6051
chr7D	529920	532920	16.394
chr7D	546975	549975	21.1647
chr7D	570560	573560	25.2924
chr7D	589795	592795	16.2942
chr7D	604205	607205	9.02894
chr7D	628966	631966	16.1477
chr7D	652080	655080	20.3148
chr7D	672550	675550	21.9969
chr7D	695290	698290	15.5566
chr7D	715202	718202	14.8377
chr7D	740796	743796	10.1566
chr7D	767320	770320	10.6977
chr7D	791946	794946	10.8427
chr7D	821076	824076	10.5737
chr7D	850023	853023	6.54655
chr7D	867830	870830	11.2162
chr7D	880560	883560	11.6997
chr7D	905650	908650	13.8115
chr7D	922705	925705	82.8863
chr7D	939760	942760	11.4971
chr7D	956815	959815	9.96403
chr7D	979552	982552	14.1817
chr7D	1007965	1010965	5.67148
chr7D	1036630	1039630	16.0891
chr7D	1056770	1059770	23.722
chr7D	1105124	1108124	17.2784
chr7D	1144916	1147916	23.9238
chr7D	1173340	1176340	23.6936
chr7D	1184710	1187710	15.3322
chr7D	1201766	1204766	13.3919
chr7D	1241558	1244558	16.6818
chr7D	1267205	1270205	18.9687
chr7D	1321564	1324564	15.959
chr7D	1341450	1344450	19.4764
chr7D	1379079	1382079	24.7021
chr7D	1436662	1439662	23.6477
chr7D	1462232	1465232	33.055
chr7D	1482130	1485130	20.5187
chr7D	1493505	1496505	20.149
chr7D	1518140	1521140	24.8044
chr7D	1536134	1539134	16.1328
chr7D	1573086	1576086	22.8674
