chr1A	10000	13000	431
chr1A	1060850	1063850	549
chr1A	1078200	1081200	13
chr1A	1106902	1109902	1832
chr1A	1135318	1138318	3581
chr1A	1158623	1161623	1281
chr1A	1176830	1179830	171
chr1A	1188780	1191780	1199
chr1A	136080	139080	449
chr1A	157975	160975	51
chr1A	179869	182869	54
chr1A	192130	195130	46
chr1A	215859	218859	976
chr1A	250070	253070	215
chr1A	261439	264439	5
chr1A	278580	281580	353
chr1A	324350	327350	414
chr1A	44150	47150	324
chr1A	352774	355774	3998
chr1A	378348	381348	2797
chr1A	398245	401245	44
chr1A	415300	418300	3064
chr1A	435210	438210	115
chr1A	455120	458120	121532
chr1A	466495	469495	17582
chr1A	477867	480867	5324
chr1A	502504	505504	7674
chr1A	526183	529183	3370
chr1A	546080	549080	193
chr1A	568817	571817	2941
chr1A	597230	600230	584
chr1A	624019	627019	1170
chr1A	654080	657080	29
chr1A	682516	685516	3355
chr1A	702407	705407	36
chr1A	716635	719635	42
chr1A	750759	753759	2631
chr1A	776333	779333	1413
chr1A	819000	822000	624
chr1A	841757	844757	72
chr1A	864550	867550	94
chr1A	875955	878955	39
chr1A	887360	890360	1079
chr1A	980240	983240	1204
chr1B	10000	13000	374
chr1B	1023080	1026080	148
chr1B	1034449	1037449	549
chr1B	1068554	1071554	1680
chr1B	1088450	1091450	181
chr1B	1102660	1105660	107
chr1B	1125396	1128396	1887
chr1B	21370	24370	155
chr1B	123760	126760	265
chr1B	1148140	1151140	2376
chr1B	135130	138130	8
chr1B	146500	149500	96
chr1B	192013	195013	1708
chr1B	214750	217750	23
chr1B	226119	229119	438
chr1B	266893	269893	2683
chr1B	294370	297370	1796
chr1B	321842	324842	1359
chr1B	339840	342840	1425
chr1B	356910	359910	3
chr1B	385428	388428	2254
chr1B	408480	411480	947
chr1B	428587	431587	124
chr1B	456000	459000	135258
chr1B	481844	484844	29997
chr1B	511214	514214	2912
chr1B	533950	536950	65
chr1B	556690	559690	4843
chr1B	576587	579587	87
chr1B	590800	593800	3995
chr1B	607870	610870	25
chr1B	636306	639306	3084
chr1B	656205	659205	273
chr1B	670420	673420	6783
chr1B	78253	81253	1607
chr1B	716000	719000	834
chr1B	727370	730370	7
chr1B	738740	741740	769
chr1B	761480	764480	3284
chr1B	787053	790053	536
chr1B	806949	809949	42
chr1B	818319	821319	88
chr1B	841070	844070	482
chr1B	880895	883895	1824
chr1B	909316	912316	944
chr1B	929207	932207	522
chr1B	103847	106847	60
chr1B	949120	952120	42
chr1B	966190	969190	154
chr1B	1006020	1009020	1337
chr1D	1010660	1013660	485
chr1D	1022030	1025030	202
chr1D	112315	115315	11
chr1D	1044768	1047768	863
chr1D	1107606	1110606	216
chr1D	1124730	1127730	10
chr1D	1136100	1139100	488
chr1D	21363	24363	1383
chr1D	1147470	1150470	25
chr1D	1158840	1161840	452
chr1D	1181582	1184582	891
chr1D	129370	132370	474
chr1D	1210000	1213000	1037
chr1D	1238412	1241412	1453
chr1D	1266826	1269826	548
chr1D	1283870	1286870	256
chr1D	1306620	1309620	329
chr1D	1317990	1320990	111
chr1D	1329360	1332360	440
chr1D	1346430	1349430	41
chr1D	1369183	1372183	1674
chr1D	157790	160790	677
chr1D	174865	177865	27
chr1D	197620	200620	888
chr1D	226050	229050	887
chr1D	262051	265051	304
chr1D	280047	283047	185
chr1D	297117	300117	23
chr1D	317030	320030	1414
chr1D	41257	44257	278
chr1D	339820	342820	167
chr1D	368295	371295	1709
chr1D	385349	388349	38
chr1D	396719	399719	1092
chr1D	408090	411090	394
chr1D	428315	431315	872
chr1D	456575	459575	1342
chr1D	487673	490673	91724
chr1D	514668	517668	4745
chr1D	533140	536140	4868
chr1D	544510	547510	918
chr1D	567247	570247	14546
chr1D	589980	592980	26
chr1D	601350	604350	1759
chr1D	624094	627094	1436
chr1D	75225	78225	135
chr1D	669573	672573	3474
chr1D	697985	700985	341
chr1D	726397	729397	3321
chr1D	760504	763504	871
chr1D	787784	790784	1284
chr1D	805975	808975	93
chr1D	817350	820350	385
chr1D	828720	831720	24
chr1D	851457	854457	546
chr1D	871347	874347	328
chr1D	96607	99607	624
chr1D	885560	888560	26
chr1D	902615	905615	1312
chr1D	948125	951125	935
chr1D	965180	968180	13
chr1D	982230	985230	790
chr1D	999285	1002285	95
chr2A	15685	18685	476
chr2A	118219	121219	1556
chr2A	158050	161050	1130
chr2A	175120	178120	15
chr2A	192190	195190	689
chr2A	203565	206565	97
chr2A	224022	227022	583
chr2A	251285	254285	443
chr2A	305990	308990	139
chr2A	340093	343093	1042
chr2A	49790	52790	617
chr2A	408407	411407	1151
chr2A	428297	431297	2024
chr2A	499750	502750	1483
chr2A	522486	525486	3857
chr2A	602340	605340	242401
chr2A	628332	631332	945
chr2A	654280	657280	21
chr2A	671440	674440	1431
chr2A	694745	697745	205
chr2A	718050	721050	2378
chr2A	729935	732935	325
chr2A	752346	755346	9515
chr2A	773077	776077	2610
chr2A	832866	835866	3062
chr2A	861282	864282	1040
chr2A	902966	905966	2579
chr2A	926076	929076	7660
chr2B	10000	13000	1988
chr2B	1016961	1019961	365
chr2B	112430	115430	29
chr2B	1056748	1059748	3671
chr2B	1076640	1079640	1099
chr2B	1099430	1102430	14
chr2B	1125060	1128060	522
chr2B	129505	132505	13
chr2B	157943	160943	2007
chr2B	186355	189355	804
chr2B	203400	206400	234
chr2B	231830	234830	473
chr2B	32790	35790	12
chr2B	248885	251885	18
chr2B	265940	268940	2420
chr2B	351596	354596	3307
chr2B	380010	383010	800
chr2B	402740	405740	2186
chr2B	419795	422795	176
chr2B	431170	434170	1292
chr2B	453960	456960	20
chr2B	55580	58580	535
chr2B	476750	479750	1323
chr2B	523880	526880	5980
chr2B	556360	559360	15727
chr2B	66950	69950	18
chr2B	584784	587784	8467
chr2B	614015	617015	147627
chr2B	639725	642725	8163
chr2B	668145	671145	11301
chr2B	696024	699024	1828
chr2B	724985	727985	11041
chr2B	84005	87005	1891
chr2B	763882	766882	6
chr2B	789515	792515	4189
chr2B	806570	809570	33
chr2B	817940	820940	214
chr2B	846365	849365	941
chr2B	863420	866420	59
chr2B	874790	877790	1159
chr2B	891860	894860	102
chr2B	914615	917615	246
chr2B	101060	104060	13
chr2B	934790	937790	52
chr2B	949280	952280	15
chr2B	963229	966229	54
chr2B	988543	991543	4061
chr2D	112310	115310	876
chr2D	21367	24367	2132
chr2D	132207	135207	257
chr2D	146420	149420	833
chr2D	157795	160795	135
chr2D	169170	172170	928
chr2D	213292	216292	472
chr2D	230500	233500	219
chr2D	244110	247110	43
chr2D	257719	260719	978
chr2D	269090	272090	6
chr2D	286145	289145	670
chr2D	312610	315610	210
chr2D	329470	332470	72
chr2D	339069	342069	34
chr2D	354355	357355	1734
chr2D	371410	374410	72
chr2D	46938	49938	650
chr2D	382780	385780	420
chr2D	394150	397150	105
chr2D	411205	414205	973
chr2D	436802	439802	41
chr2D	456715	459715	2755
chr2D	473770	476770	23
chr2D	496507	499507	4774
chr2D	519245	522245	10
chr2D	541983	544983	791
chr2D	564720	567720	309
chr2D	576090	579090	1558
chr2D	587460	590460	485
chr2D	610197	613197	9581
chr2D	639425	642425	19822
chr2D	667027	670027	103623
chr2D	686919	689919	4794
chr2D	701130	704130	813
chr2D	725761	728761	8435
chr2D	83890	86890	1205
chr2D	753227	756227	2092
chr2D	780693	783693	3954
chr2D	810057	813057	2655
chr2D	826160	829160	2366
chr2D	848900	851900	7610
chr3A	10000	13000	471
chr3A	112535	115535	73
chr3A	1076300	1079300	1970
chr3A	1127492	1130492	1509
chr3A	123910	126910	635
chr3A	1155906	1158906	1233
chr3A	1172950	1175950	119
chr3A	1207065	1210065	2492
chr3A	1226950	1229950	145
chr3A	1252540	1255540	377
chr3A	135280	138280	24
chr3A	1309484	1312484	51
chr3A	1329370	1332370	1002
chr3A	1366360	1369360	1216
chr3A	146650	149650	917
chr3A	1383430	1386430	12
chr3A	1400500	1403500	507
chr3A	1440329	1443329	1465
chr3A	1537940	1540940	1492
chr3A	1549310	1552310	12
chr3A	1566366	1569366	781
chr3A	1646346	1649346	1054
chr3A	1726313	1729313	1478
chr3A	192160	195160	931
chr3A	214899	217899	529
chr3A	231975	234975	12
chr3A	249050	252050	914
chr3A	271900	274900	6
chr3A	300675	303675	1016
chr3A	348046	351046	1676
chr3A	382511	385511	788
chr3A	410260	413260	2731
chr3A	433000	436000	9
chr3A	444370	447370	1705
chr3A	455740	458740	351
chr3A	55580	58580	490
chr3A	478477	481477	3067
chr3A	506903	509903	8909
chr3A	536950	539950	13605
chr3A	562798	565798	119694
chr3A	586485	589485	33162
chr3A	606397	609397	273
chr3A	626310	629310	3826
chr3A	637685	640685	50
chr3A	660423	663423	3639
chr3A	688835	691835	4508
chr3A	78370	81370	22
chr3A	717247	720247	6005
chr3A	745685	748685	131
chr3A	768435	771435	1459
chr3A	785490	788490	1090
chr3A	796860	799860	62
chr3A	808229	811229	2451
chr3A	830973	833973	2867
chr3A	905090	908090	1435
chr3A	101160	104160	524
chr3A	922140	925140	10
chr3A	939195	942195	892
chr3A	961949	964949	31
chr3A	984705	987705	820
chr3B	15685	18685	786
chr3B	1058250	1061250	3080
chr3B	1121062	1124062	3461
chr3B	123940	126940	538
chr3B	1149478	1152478	1385
chr3B	1166530	1169530	617
chr3B	1183600	1186600	10
chr3B	1200670	1203670	405
chr3B	1212040	1215040	190
chr3B	1229093	1232093	2968
chr3B	146680	149680	98
chr3B	158055	161055	27
chr3B	169429	172429	135
chr3B	180799	183799	6
chr3B	197850	200850	1621
chr3B	214905	217905	109
chr3B	237643	240643	1751
chr3B	260380	263380	93
chr3B	271750	274750	683
chr3B	328820	331820	1958
chr3B	340190	343190	88
chr3B	351560	354560	63
chr3B	362930	365930	131
chr3B	379985	382985	908
chr3B	408410	411410	2966
chr3B	435880	438880	3584
chr3B	467144	470144	27634
chr3B	492719	495719	90971
chr3B	523984	526984	28560
chr3B	550505	553505	8990
chr3B	578916	581916	30508
chr3B	598815	601815	4582
chr3B	624393	627393	16714
chr3B	652830	655830	86
chr3B	676527	679527	1432
chr3B	703997	706997	1234
chr3B	84115	87115	2016
chr3B	760873	763873	3137
chr3B	780767	783767	96
chr3B	794980	797980	1670
chr3B	806350	809350	537
chr3B	824865	827865	602
chr3B	869080	872080	135
chr3B	926027	929027	1139
chr3B	945917	948917	706
chr3D	15685	18685	2124
chr3D	1012960	1015960	7
chr3D	1024330	1027330	289
chr3D	1058438	1061438	795
chr3D	1078330	1081330	484
chr3D	1103910	1106910	199
chr3D	1115290	1118290	129
chr3D	1138022	1141022	1319
chr3D	125132	128132	1840
chr3D	1163595	1166595	1268
chr3D	1197710	1200710	429
chr3D	1211940	1214940	4
chr3D	1229010	1232010	2092
chr3D	1240380	1243380	8
chr3D	1263114	1266114	1712
chr3D	153545	156545	992
chr3D	170590	173590	217
chr3D	193340	196340	128
chr3D	204710	207710	11
chr3D	216080	219080	39
chr3D	227450	230450	418
chr3D	32740	35740	5
chr3D	238820	241820	664
chr3D	319050	322050	599
chr3D	375996	378996	1809
chr3D	404410	407410	1214
chr3D	432823	435823	2699
chr3D	458402	461402	2785
chr3D	55476	58476	979
chr3D	478300	481300	248
chr3D	506830	509830	63
chr3D	546730	549730	152089
chr3D	575155	578155	7119
chr3D	592210	595210	117
chr3D	603580	606580	2738
chr3D	614950	617950	72
chr3D	637686	640686	8803
chr3D	657585	660585	172
chr3D	677480	680480	8344
chr3D	707527	710527	2481
chr3D	81322	84322	279
chr3D	725797	728797	1984
chr3D	740010	743010	727
chr3D	751380	754380	3990
chr3D	774119	777119	2618
chr3D	802536	805536	928
chr3D	830953	833953	2251
chr3D	853690	856690	172
chr3D	867910	870910	361
chr3D	899200	902200	888
chr3D	102035	105035	51
chr3D	939030	942030	3345
chr3D	964625	967625	99
chr3D	990223	993223	1743
chr4A	10000	13000	426
chr4A	1014353	1017353	1064
chr4A	1042820	1045820	25
chr4A	1070593	1073593	1570
chr4A	1093350	1096350	122
chr4A	1121788	1124788	19767
chr4A	1142626	1145626	1348
chr4A	1155890	1158890	4
chr4A	1172943	1175943	501
chr4A	1212738	1215738	724
chr4A	1232625	1235625	456
chr4A	1269575	1272575	633
chr4A	1315052	1318052	1148
chr4A	1337790	1340790	47
chr4A	1349160	1352160	306
chr4A	1377583	1380583	1609
chr4A	1411693	1414693	541
chr4A	1428750	1431750	19
chr4A	1440120	1443120	58
chr4A	1479943	1482943	1534
chr4A	1531210	1534210	828
chr4A	163840	166840	732
chr4A	1576790	1579790	30
chr4A	27075	30075	28
chr4A	180895	183895	34
chr4A	197950	200950	1455
chr4A	217865	220865	6
chr4A	243460	246460	453
chr4A	260509	263509	8
chr4A	271880	274880	290
chr4A	309400	312400	667
chr4A	369733	372733	507
chr4A	395303	398303	1580
chr4A	49830	52830	445
chr4A	449410	452410	1639
chr4A	469315	472315	27
chr4A	489219	492219	1672
chr4A	509170	512170	55
chr4A	529120	532120	817
chr4A	540495	543495	116
chr4A	554717	557717	1779
chr4A	568940	571940	54
chr4A	586010	589010	31004
chr4A	605922	608922	448
chr4A	633140	636140	203545
chr4A	655388	658388	1233
chr4A	745590	748590	872
chr4A	774951	777951	1963
chr4A	791050	794050	727
chr4A	802425	805425	24
chr4A	825163	828163	865
chr4A	845050	848050	710
chr4A	101090	104090	711
chr4A	927867	930867	623
chr4A	956420	959420	29
chr4A	973610	976610	553
chr4B	15685	18685	592
chr4B	1014227	1017227	924
chr4B	1034115	1037115	765
chr4B	114100	117100	404
chr4B	126235	129235	7
chr4B	138370	141370	630
chr4B	161110	164110	156
chr4B	200935	203935	331
chr4B	229360	232360	181
chr4B	246435	249435	22
chr4B	263510	266510	399
chr4B	297650	300650	84
chr4B	331757	334757	898
chr4B	357332	360332	1059
chr4B	400000	403000	821
chr4B	417070	420070	28
chr4B	434140	437140	454
chr4B	445515	448515	10
chr4B	468253	471253	3169
chr4B	491006	494006	106
chr4B	513760	516760	133683
chr4B	525130	528130	659
chr4B	539352	542352	7114
chr4B	564950	567950	18648
chr4B	592569	595569	27135
chr4B	618962	621962	16104
chr4B	644560	647560	6
chr4B	674891	677891	5227
chr4B	692887	695887	1132
chr4B	78430	81430	974
chr4B	707099	710099	115
chr4B	724155	727155	1157
chr4B	741210	744210	24
chr4B	765841	768841	546
chr4B	783837	786837	787
chr4B	809470	812470	38
chr4B	832260	835260	177
chr4B	843630	846630	47
chr4B	860685	863685	844
chr4B	96265	99265	16
chr4B	883439	886439	49
chr4B	906195	909195	375
chr4B	940300	943300	654
chr4B	974730	977730	212
chr4B	988794	991794	249
chr4D	15685	18685	1429
chr4D	135160	138160	235
chr4D	180740	183740	494
chr4D	237810	240810	513
chr4D	38440	41440	15
chr4D	318030	321030	273
chr4D	363620	366620	351
chr4D	398000	401000	806
chr4D	420915	423915	34
chr4D	449515	452515	1512
chr4D	466569	469569	40
chr4D	477939	480939	2306
chr4D	489310	492310	280
chr4D	500680	503680	1849
chr4D	61195	64195	287
chr4D	546193	549193	177730
chr4D	574630	577630	440
chr4D	604961	607961	3279
chr4D	622957	625957	514
chr4D	648590	651590	62
chr4D	682746	685746	4035
chr4D	705490	708490	900
chr4D	83950	86950	7
chr4D	797420	800420	957
chr4D	831560	834560	140
chr4D	842935	845935	50
chr4D	854310	857310	1927
chr4D	871380	874380	30
chr4D	888450	891450	673
chr4D	899820	902820	470
chr4D	911190	914190	686
chr4D	101020	104020	16
chr5A	10000	13000	47734
chr5A	1015759	1018759	20
chr5A	1027129	1030129	418
chr5A	1038500	1041500	60
chr5A	1049870	1052870	2228
chr5A	1078400	1081400	10
chr5A	1118302	1121302	3991
chr5A	135039	138039	4898
chr5A	163530	166530	2047
chr5A	181260	184260	193
chr5A	250822	253822	626
chr5A	34870	37870	3859
chr5A	283040	286040	1252
chr5A	294410	297410	3
chr5A	317143	320143	2602
chr5A	339880	342880	22
chr5A	351250	354250	566
chr5A	363165	366165	26
chr5A	375080	378080	254
chr5A	387000	390000	35
chr5A	404600	407600	1060
chr5A	421655	424655	40
chr5A	444393	447393	4145
chr5A	472830	475830	119
chr5A	495585	498585	3091
chr5A	60208	63208	7910
chr5A	512640	515640	27
chr5A	529690	532690	1287
chr5A	552445	555445	46
chr5A	580883	583883	5287
chr5A	603620	606620	680
chr5A	614990	617990	2429
chr5A	643524	646524	4
chr5A	683423	686423	3360
chr5A	723670	726670	23
chr5A	752550	755550	2332
chr5A	769965	772965	117
chr5A	87943	90943	10668
chr5A	793065	796065	1301
chr5A	832857	835857	3095
chr5A	901167	904167	2567
chr5A	922006	925006	1544
chr5A	935270	938270	2
chr5A	958460	961460	2005
chr5A	979680	982680	657
chr5A	993020	996020	93
chr5A	1004389	1007389	75
chr5A	109457	112457	3326
chr5B	10000	13000	1123
chr5B	1012547	1015547	2301
chr5B	1035290	1038290	108
chr5B	1058022	1061022	3081
chr5B	1092128	1095128	2913
chr5B	118255	121255	1408
chr5B	1119600	1122600	2463
chr5B	1149066	1152066	4738
chr5B	1252980	1255980	1000
chr5B	1270050	1273050	14
chr5B	1287120	1290120	1063
chr5B	138167	141167	31
chr5B	1309858	1312858	1105
chr5B	1343968	1346968	800
chr5B	1363860	1366860	77
chr5B	1400812	1403812	2141
chr5B	1420700	1423700	769
chr5B	1434910	1437910	10
chr5B	1457648	1460648	3734
chr5B	1480389	1483389	35
chr5B	1491770	1494770	174
chr5B	1531613	1534613	389
chr5B	163765	166765	530
chr5B	1560040	1563040	1700
chr5B	27070	30070	5
chr5B	192190	195190	277
chr5B	272420	275420	1878
chr5B	300950	303950	70
chr5B	329480	332480	665
chr5B	340855	343855	12
chr5B	365216	368216	8439
chr5B	393426	396426	117852
chr5B	49825	52825	786
chr5B	409055	412055	7325
chr5B	420424	423424	168
chr5B	434647	437647	4972
chr5B	448870	451870	38
chr5B	465940	468940	8339
chr5B	477310	480310	382
chr5B	500050	503050	2183
chr5B	519940	522940	4865
chr5B	534275	537275	15
chr5B	545770	548770	357
chr5B	568690	571690	7
chr5B	591610	594610	940
chr5B	614400	617400	134
chr5B	648553	651553	8242
chr5B	691212	694212	444
chr5B	705435	708435	120
chr5B	716810	719810	412
chr5B	773753	776753	877
chr5B	796490	799490	140
chr5B	819227	822227	7344
chr5B	839117	842117	1437
chr5B	859030	862030	47
chr5B	881785	884785	2912
chr5B	932977	935977	2796
chr5B	960442	963442	539
chr5B	978439	981439	724
chr5B	989810	992810	11
chr5D	10000	13000	1385
chr5D	112330	115330	262
chr5D	1045964	1048964	2031
chr5D	1074378	1077378	1073
chr5D	1102794	1105794	945
chr5D	1131213	1134213	1423
chr5D	123702	126702	1218
chr5D	1159640	1162640	217
chr5D	1171020	1174020	21
chr5D	1188070	1191070	1087
chr5D	1205120	1208120	79
chr5D	1216495	1219495	704
chr5D	1239236	1242236	628
chr5D	135075	138075	67
chr5D	1273350	1276350	525
chr5D	1284719	1287719	39
chr5D	1296090	1299090	621
chr5D	1341596	1344596	4507
chr5D	1364330	1367330	216
chr5D	146450	149450	1851
chr5D	1387072	1390072	1949
chr5D	1409810	1412810	37
chr5D	1427420	1430420	352
chr5D	1483800	1486800	1437
chr5D	157820	160820	129
chr5D	1532440	1535440	103
chr5D	1545120	1548120	3
chr5D	1569156	1572156	2399
chr5D	1614633	1617633	1367
chr5D	174869	177869	1254
chr5D	1660140	1663140	466
chr5D	1705652	1708652	5093
chr5D	208980	211980	1058
chr5D	226035	229035	45
chr5D	250397	253397	1966
chr5D	279089	282089	2775
chr5D	38425	41425	1021
chr5D	304903	307903	82283
chr5D	334035	337035	14377
chr5D	362453	365453	7644
chr5D	388027	391027	1462
chr5D	419293	422293	2391
chr5D	444863	447863	3534
chr5D	464760	467760	166
chr5D	55480	58480	10
chr5D	476130	479130	925
chr5D	487500	490500	206
chr5D	506760	509760	1778
chr5D	528682	531682	2317
chr5D	66850	69850	339
chr5D	613590	616590	2563
chr5D	636414	639414	1452
chr5D	661476	664476	3629
chr5D	78220	81220	98
chr5D	699100	702100	13
chr5D	727630	730630	916
chr5D	761743	764743	1483
chr5D	790155	793155	1317
chr5D	818567	821567	733
chr5D	838457	841457	1530
chr5D	852670	855670	7
chr5D	95275	98275	3369
chr5D	864040	867040	215
chr5D	875415	878415	14
chr5D	886790	889790	271
chr5D	898160	901160	95
chr5D	909530	912530	595
chr5D	920900	923900	145
chr5D	932270	935270	1139
chr5D	943640	946640	67
chr5D	955010	958010	468
chr5D	966384	969384	36
chr5D	989123	992123	3148
chr5D	1009010	1012010	820
chr6A	10000	13000	832
chr6A	112470	115470	850
chr6A	27070	30070	6
chr6A	204400	207400	396
chr6A	232930	235930	19
chr6A	267165	270165	1868
chr6A	284260	287260	6
chr6A	306198	309198	3751
chr6A	326907	329907	2312
chr6A	44140	47140	1312
chr6A	358280	361280	38
chr6A	386810	389810	662
chr6A	415345	418345	42
chr6A	456866	459866	2775
chr6A	482845	485845	13699
chr6A	500710	503710	469
chr6A	512080	515080	123626
chr6A	534820	537820	26885
chr6A	562110	565110	12018
chr6A	66930	69930	115
chr6A	580305	583305	692
chr6A	594527	597527	1068
chr6A	608750	611750	99
chr6A	625820	628820	3620
chr6A	649040	652040	55
chr6A	672260	675260	220
chr6A	695676	698676	2101
chr6A	724264	727264	557
chr6A	746995	749995	396
chr6A	764260	767260	14
chr6A	775840	778840	231
chr6A	89720	92720	327
chr6A	833340	836340	1231
chr6A	844710	847710	8
chr6A	856080	859080	337
chr6A	890193	893193	1218
chr6A	915763	918763	457
chr6A	101095	104095	16
chr6A	964115	967115	2187
chr6A	981170	984170	81
chr6A	998225	1001225	2159
chr6B	22990	25990	2421
chr6B	181200	184200	1232
chr6B	198270	201270	20
chr6B	215340	218340	697
chr6B	255170	258170	819
chr6B	272225	275225	6
chr6B	283600	286600	711
chr6B	306340	309340	916
chr6B	340480	343480	178
chr6B	363220	366220	1433
chr6B	385965	388965	138
chr6B	403030	406030	92
chr6B	49780	52780	274
chr6B	420100	423100	3960
chr6B	431470	434470	623
chr6B	455830	458830	18736
chr6B	481812	484812	109384
chr6B	511037	514037	49343
chr6B	529981	532981	1361
chr6B	545140	548140	382
chr6B	567880	570880	1627
chr6B	66830	69830	213
chr6B	590620	593620	2866
chr6B	615254	618254	1598
chr6B	638933	641933	2710
chr6B	692967	695967	2453
chr6B	712857	715857	921
chr6B	83900	86900	52
chr6B	761206	764206	802
chr6B	812400	815400	1483
chr6B	829455	832455	43
chr6B	851244	854244	1433
chr6B	872080	875080	788
chr6B	897710	900710	26
chr6B	100970	103970	542
chr6B	926185	929185	965
chr6B	960295	963295	1247
chr6B	988720	991720	951
chr6D	10000	13000	624
chr6D	1024640	1027640	14
chr6D	1036010	1039010	153
chr6D	1064436	1067436	439
chr6D	1128736	1131736	238
chr6D	1141150	1144150	148
chr6D	21370	24370	43
chr6D	1152520	1155520	43
chr6D	1175262	1178262	2665
chr6D	1209368	1212368	1798
chr6D	181027	184027	1679
chr6D	209444	212444	844
chr6D	232175	235175	824
chr6D	271967	274967	962
chr6D	317480	320480	189
chr6D	44107	47107	1157
chr6D	362983	365983	1688
chr6D	385720	388720	59
chr6D	410351	413351	2110
chr6D	436875	439875	2665
chr6D	453930	456930	498
chr6D	475719	478719	6729
chr6D	510771	513771	11377
chr6D	537295	540295	95216
chr6D	565988	568988	14423
chr6D	595079	598079	2808
chr6D	622825	625825	2895
chr6D	654125	657125	35
chr6D	671610	674610	42
chr6D	688685	691685	62
chr6D	78260	81260	32
chr6D	711440	714440	1147
chr6D	734195	737195	12
chr6D	751270	754270	599
chr6D	774060	777060	49
chr6D	796850	799850	124
chr6D	830956	833956	662
chr6D	858422	861422	967
chr6D	876420	879420	662
chr6D	101050	104050	621
chr6D	950710	953710	1441
chr6D	1001902	1004902	764
chr7A	15685	18685	6989
chr7A	1013330	1016330	799
chr7A	1024710	1027710	10
chr7A	1047444	1050444	1737
chr7A	114789	117789	357
chr7A	1070180	1073180	1353
chr7A	1081560	1084560	106
chr7A	1092930	1095930	1335
chr7A	1104300	1107300	67
chr7A	1127035	1130035	3201
chr7A	1207010	1210010	599
chr7A	1235433	1238433	1572
chr7A	1275260	1278260	416
chr7A	1298009	1301009	158
chr7A	1315080	1318080	25
chr7A	1343518	1346518	1593
chr7A	1363405	1366405	399
chr7A	160303	163303	1861
chr7A	183039	186039	5
chr7A	194410	197410	104
chr7A	228550	231550	1304
chr7A	239925	242925	30
chr7A	251300	254300	172
chr7A	262670	265670	114
chr7A	285403	288403	1497
chr7A	38440	41440	96
chr7A	313840	316840	60
chr7A	330910	333910	3089
chr7A	342284	345284	268
chr7A	353657	356657	587
chr7A	365030	368030	52
chr7A	376400	379400	1947
chr7A	387770	390770	85
chr7A	412402	415402	1004
chr7A	444620	447620	269
chr7A	501680	504680	376
chr7A	513050	516050	133
chr7A	61195	64195	998
chr7A	535790	538790	1145
chr7A	581263	584263	3227
chr7A	610627	613627	3459
chr7A	639988	642988	33891
chr7A	668950	671950	94979
chr7A	695565	698565	34724
chr7A	78855	81855	59
chr7A	714827	717827	1133
chr7A	734725	737725	5284
chr7A	751780	754780	222
chr7A	776408	779408	1607
chr7A	797250	800250	56
chr7A	808620	811620	690
chr7A	90830	93830	143
chr7A	819995	822995	133
chr7A	840837	843837	4728
chr7A	872091	875091	925
chr7A	888190	891190	367
chr7A	922340	925340	181
chr7A	102810	105810	10
chr7A	939410	942410	9
chr7A	956480	959480	283
chr7A	967850	970850	8
chr7A	984905	987905	2501
chr7A	1001960	1004960	313
chr7B	1024840	1027840	536
chr7B	112530	115530	268
chr7B	1041910	1044910	8
chr7B	1058980	1061980	468
chr7B	1081770	1084770	111
chr7B	1104560	1107560	1207
chr7B	1115930	1118930	9
chr7B	1138672	1141672	5601
chr7B	21363	24363	851
chr7B	1167088	1170088	588
chr7B	1184140	1187140	64
chr7B	1195510	1198510	1864
chr7B	135280	138280	112
chr7B	158007	161007	546
chr7B	186423	189423	420
chr7B	209155	212155	753
chr7B	231910	234910	50
chr7B	260346	263346	1432
chr7B	318847	321847	2269
chr7B	339960	342960	89
chr7B	351330	354330	130
chr7B	408277	411277	1246
chr7B	437637	440637	2116
chr7B	465102	468102	14421
chr7B	494327	497327	1268
chr7B	520309	523309	170835
chr7B	547527	550527	25
chr7B	567440	570440	10156
chr7B	590179	593179	1399
chr7B	617649	620649	606
chr7B	635650	638650	34
chr7B	658387	661387	14364
chr7B	717158	720158	2916
chr7B	738000	741000	55
chr7B	755055	758055	1176
chr7B	792032	795032	1198
chr7B	806255	809255	56
chr7B	89789	92789	201
chr7B	823310	826310	880
chr7B	875220	878220	1734
chr7B	933323	936323	1377
chr7B	961302	964302	1869
chr7B	985010	988010	2401
chr7B	1007765	1010765	32
chr7D	15685	18685	2573
chr7D	1036630	1039630	1976
chr7D	1056770	1059770	532
chr7D	1076680	1079680	21
chr7D	1105124	1108124	3075
chr7D	1127860	1130860	28
chr7D	1144916	1147916	305
chr7D	123730	126730	360
chr7D	1173340	1176340	348
chr7D	1184710	1187710	275
chr7D	1201766	1204766	1996
chr7D	1241558	1244558	1646
chr7D	135100	138100	475
chr7D	1267205	1270205	265
chr7D	1321564	1324564	1912
chr7D	1341450	1344450	149
chr7D	146470	149470	560
chr7D	1379079	1382079	663
chr7D	1436662	1439662	720
chr7D	1462232	1465232	479
chr7D	1482130	1485130	190
chr7D	157840	160840	36
chr7D	1493505	1496505	2228
chr7D	1518140	1521140	1420
chr7D	1536134	1539134	64
chr7D	1573086	1576086	1996
chr7D	180577	183577	540
chr7D	200467	203467	211
chr7D	226050	229050	93
chr7D	237425	240425	7
chr7D	254480	257480	1118
chr7D	271530	274530	111
chr7D	282900	285900	413
chr7D	38440	41440	38
chr7D	317050	320050	83
chr7D	329045	332045	223
chr7D	347350	350350	2054
chr7D	367575	370575	64
chr7D	393485	396485	911
chr7D	410540	413540	29
chr7D	421910	424910	746
chr7D	433280	436280	3
chr7D	458455	461455	4676
chr7D	475910	478910	812
chr7D	490120	493120	75
chr7D	501490	504490	22
chr7D	512864	515864	17
chr7D	61195	64195	1411
chr7D	529920	532920	1830
chr7D	546975	549975	237
chr7D	570560	573560	1074
chr7D	589795	592795	107
chr7D	604205	607205	55
chr7D	628966	631966	1540
chr7D	652080	655080	1256
chr7D	672550	675550	312
chr7D	683920	686920	36
chr7D	78250	81250	60
chr7D	695290	698290	2215
chr7D	715202	718202	79
chr7D	740796	743796	2731
chr7D	767320	770320	8618
chr7D	791946	794946	2361
chr7D	821076	824076	9306
chr7D	850023	853023	128781
chr7D	867830	870830	4667
chr7D	880560	883560	273
chr7D	905650	908650	2675
chr7D	100986	103986	532
chr7D	922705	925705	29
chr7D	939760	942760	4346
chr7D	956815	959815	44
chr7D	979552	982552	3783
chr7D	1007965	1010965	967
