chr1A	10000	13000	476.535
chr1A	44150	47150	443.574
chr1A	136080	139080	512.005
chr1A	157975	160975	465.694
chr1A	179869	182869	288.148
chr1A	192130	195130	309.8
chr1A	215859	218859	423.168
chr1A	250070	253070	444.843
chr1A	261439	264439	331.653
chr1A	278580	281580	445.571
chr1A	324350	327350	554.83
chr1A	352774	355774	519.412
chr1A	378348	381348	504.04
chr1A	398245	401245	405.28
chr1A	415300	418300	500.189
chr1A	435210	438210	579.074
chr1A	455120	458120	572.516
chr1A	466495	469495	553.422
chr1A	477867	480867	557.199
chr1A	502504	505504	517.566
chr1A	526183	529183	527.332
chr1A	546080	549080	579.804
chr1A	568817	571817	505.205
chr1A	597230	600230	560.66
chr1A	624019	627019	498.985
chr1A	654080	657080	772.036
chr1A	682516	685516	521.301
chr1A	702407	705407	421.773
chr1A	716635	719635	486.708
chr1A	750759	753759	513.18
chr1A	776333	779333	469.815
chr1A	819000	822000	461.955
chr1A	841757	844757	523.823
chr1A	864550	867550	473.967
chr1A	875955	878955	667.248
chr1A	887360	890360	484.23
chr1A	980240	983240	489.642
chr1A	1060850	1063850	492.925
chr1A	1078200	1081200	520.25
chr1A	1106902	1109902	460.053
chr1A	1135318	1138318	507.825
chr1A	1158623	1161623	477.832
chr1A	1176830	1179830	420.988
chr1A	1188780	1191780	517.897
chr1B	10000	13000	414.668
chr1B	21370	24370	330.91
chr1B	78253	81253	424.276
chr1B	103847	106847	439.773
chr1B	123760	126760	486.23
chr1B	135130	138130	326.491
chr1B	146500	149500	456.836
chr1B	192013	195013	444.963
chr1B	214750	217750	440.588
chr1B	226119	229119	459.018
chr1B	266893	269893	460.465
chr1B	294370	297370	445.03
chr1B	321842	324842	477.867
chr1B	339840	342840	462.901
chr1B	356910	359910	219.587
chr1B	385428	388428	447.882
chr1B	408480	411480	474.01
chr1B	428587	431587	498.246
chr1B	456000	459000	501.5
chr1B	481844	484844	471.153
chr1B	511214	514214	455.862
chr1B	533950	536950	448.461
chr1B	556690	559690	451.659
chr1B	576587	579587	461.372
chr1B	590800	593800	441.824
chr1B	607870	610870	478.863
chr1B	636306	639306	454.818
chr1B	656205	659205	443.305
chr1B	670420	673420	462.117
chr1B	716000	719000	487.948
chr1B	727370	730370	417.586
chr1B	738740	741740	468.868
chr1B	761480	764480	457.03
chr1B	787053	790053	488.824
chr1B	806949	809949	350.193
chr1B	818319	821319	376.131
chr1B	841070	844070	471.431
chr1B	880895	883895	464.07
chr1B	909316	912316	488.843
chr1B	929207	932207	466.847
chr1B	949120	952120	549.933
chr1B	966190	969190	467.777
chr1B	1006020	1009020	439.659
chr1B	1023080	1026080	462.283
chr1B	1034449	1037449	488.091
chr1B	1068554	1071554	462.89
chr1B	1088450	1091450	577.64
chr1B	1102660	1105660	480.573
chr1B	1125396	1128396	456.865
chr1B	1148140	1151140	492.085
chr1D	21363	24363	451.154
chr1D	41257	44257	483.314
chr1D	75225	78225	382.738
chr1D	96607	99607	398.422
chr1D	112315	115315	466.715
chr1D	129370	132370	420.567
chr1D	157790	160790	470.717
chr1D	174865	177865	538.288
chr1D	197620	200620	470.561
chr1D	226050	229050	476.897
chr1D	262051	265051	463.314
chr1D	280047	283047	540.662
chr1D	297117	300117	851.001
chr1D	317030	320030	531.423
chr1D	339820	342820	579.917
chr1D	368295	371295	465.209
chr1D	385349	388349	514.132
chr1D	396719	399719	540.591
chr1D	408090	411090	549.336
chr1D	428315	431315	510.646
chr1D	456575	459575	532.605
chr1D	487673	490673	591.592
chr1D	514668	517668	582.482
chr1D	533140	536140	564.179
chr1D	544510	547510	586.113
chr1D	567247	570247	561.301
chr1D	589980	592980	566.128
chr1D	601350	604350	559.172
chr1D	624094	627094	524.551
chr1D	669573	672573	521.937
chr1D	697985	700985	437.033
chr1D	726397	729397	530.735
chr1D	760504	763504	519.659
chr1D	787784	790784	563.247
chr1D	805975	808975	501.096
chr1D	817350	820350	499.367
chr1D	828720	831720	537.189
chr1D	851457	854457	544.633
chr1D	871347	874347	619.987
chr1D	885560	888560	477.853
chr1D	902615	905615	492.378
chr1D	948125	951125	469.863
chr1D	965180	968180	344.179
chr1D	982230	985230	533.276
chr1D	999285	1002285	481.1
chr1D	1010660	1013660	538.56
chr1D	1022030	1025030	469.583
chr1D	1044768	1047768	474.489
chr1D	1107606	1110606	428.223
chr1D	1124730	1127730	531.237
chr1D	1136100	1139100	485.519
chr1D	1147470	1150470	916.254
chr1D	1158840	1161840	481.726
chr1D	1181582	1184582	470.913
chr1D	1210000	1213000	528.147
chr1D	1238412	1241412	507.279
chr1D	1266826	1269826	489.697
chr1D	1283870	1286870	506.139
chr1D	1306620	1309620	391.376
chr1D	1317990	1320990	584.29
chr1D	1329360	1332360	440.489
chr1D	1346430	1349430	619.027
chr1D	1369183	1372183	525.922
chr2A	15685	18685	479.563
chr2A	49790	52790	445.903
chr2A	118219	121219	456.588
chr2A	158050	161050	463.656
chr2A	175120	178120	625.73
chr2A	192190	195190	494.183
chr2A	203565	206565	510.744
chr2A	224022	227022	456.836
chr2A	251285	254285	466.762
chr2A	305990	308990	421.655
chr2A	340093	343093	508.032
chr2A	408407	411407	467.668
chr2A	428297	431297	518.135
chr2A	499750	502750	489.499
chr2A	522486	525486	525.968
chr2A	602340	605340	558.705
chr2A	628332	631332	517.879
chr2A	654280	657280	543.844
chr2A	671440	674440	558.653
chr2A	694745	697745	468.594
chr2A	718050	721050	527.782
chr2A	729935	732935	508.801
chr2A	752346	755346	506.616
chr2A	773077	776077	521.282
chr2A	832866	835866	505.469
chr2A	861282	864282	486.73
chr2A	902966	905966	494.314
chr2A	926076	929076	472.425
chr2B	10000	13000	481.579
chr2B	32790	35790	384.394
chr2B	55580	58580	442.687
chr2B	66950	69950	479.157
chr2B	84005	87005	481.131
chr2B	101060	104060	969.064
chr2B	112430	115430	536.64
chr2B	129505	132505	393.141
chr2B	157943	160943	476.303
chr2B	186355	189355	453.868
chr2B	203400	206400	489.24
chr2B	231830	234830	432.015
chr2B	248885	251885	296.443
chr2B	265940	268940	452.296
chr2B	351596	354596	453.817
chr2B	380010	383010	428.674
chr2B	402740	405740	445.787
chr2B	419795	422795	418.752
chr2B	431170	434170	466.374
chr2B	453960	456960	479.835
chr2B	476750	479750	457.113
chr2B	523880	526880	440.587
chr2B	556360	559360	466.053
chr2B	584784	587784	479.366
chr2B	614015	617015	502.348
chr2B	639725	642725	468.102
chr2B	668145	671145	452.427
chr2B	696024	699024	476.516
chr2B	724985	727985	459.347
chr2B	763882	766882	203.631
chr2B	789515	792515	460.696
chr2B	806570	809570	583.379
chr2B	817940	820940	517.421
chr2B	846365	849365	483.263
chr2B	863420	866420	566.529
chr2B	874790	877790	455.342
chr2B	891860	894860	475.394
chr2B	914615	917615	394.132
chr2B	934790	937790	639.654
chr2B	949280	952280	354.778
chr2B	963229	966229	380.038
chr2B	988543	991543	469.328
chr2B	1016961	1019961	478.93
chr2B	1056748	1059748	455.194
chr2B	1076640	1079640	472.398
chr2B	1099430	1102430	470.414
chr2B	1125060	1128060	440.183
chr2D	21367	24367	479.377
chr2D	46938	49938	477.966
chr2D	83890	86890	442.447
chr2D	112310	115310	481.835
chr2D	132207	135207	464.682
chr2D	146420	149420	480.514
chr2D	157795	160795	501.281
chr2D	169170	172170	469.301
chr2D	213292	216292	528.461
chr2D	230500	233500	559.898
chr2D	244110	247110	413.37
chr2D	257719	260719	470.283
chr2D	269090	272090	214.877
chr2D	286145	289145	456.792
chr2D	312610	315610	457.708
chr2D	329470	332470	486.598
chr2D	339069	342069	544.898
chr2D	354355	357355	481.41
chr2D	371410	374410	442.47
chr2D	382780	385780	474.931
chr2D	394150	397150	576.866
chr2D	411205	414205	514.355
chr2D	436802	439802	488.136
chr2D	456715	459715	520.851
chr2D	473770	476770	646.903
chr2D	496507	499507	514.734
chr2D	519245	522245	371.568
chr2D	541983	544983	523.477
chr2D	564720	567720	533.729
chr2D	576090	579090	565.677
chr2D	587460	590460	603.523
chr2D	610197	613197	551.517
chr2D	639425	642425	575.304
chr2D	667027	670027	586.72
chr2D	686919	689919	555.18
chr2D	701130	704130	518.7
chr2D	725761	728761	541.434
chr2D	753227	756227	526.659
chr2D	780693	783693	526.306
chr2D	810057	813057	493.594
chr2D	826160	829160	479.319
chr2D	848900	851900	481.536
chr3A	10000	13000	432.57
chr3A	55580	58580	482.511
chr3A	78370	81370	383.249
chr3A	101160	104160	453.126
chr3A	112535	115535	422.039
chr3A	123910	126910	444.19
chr3A	135280	138280	406.711
chr3A	146650	149650	454.187
chr3A	192160	195160	471.913
chr3A	214899	217899	456.29
chr3A	231975	234975	440.561
chr3A	249050	252050	474.993
chr3A	271900	274900	753.769
chr3A	300675	303675	471.051
chr3A	348046	351046	515.098
chr3A	382511	385511	549.42
chr3A	410260	413260	508.366
chr3A	433000	436000	459.7
chr3A	444370	447370	501.538
chr3A	455740	458740	467.729
chr3A	478477	481477	525.562
chr3A	506903	509903	532.087
chr3A	536950	539950	549.719
chr3A	562798	565798	568.769
chr3A	586485	589485	535.896
chr3A	606397	609397	591.739
chr3A	626310	629310	543.027
chr3A	637685	640685	458.144
chr3A	660423	663423	543.494
chr3A	688835	691835	542.67
chr3A	717247	720247	526.03
chr3A	745685	748685	583.74
chr3A	768435	771435	527.998
chr3A	785490	788490	522.431
chr3A	796860	799860	619.294
chr3A	808229	811229	518.963
chr3A	830973	833973	531.003
chr3A	905090	908090	523.931
chr3A	922140	925140	298.632
chr3A	939195	942195	515.759
chr3A	961949	964949	422.131
chr3A	984705	987705	494.473
chr3A	1076300	1079300	469.662
chr3A	1127492	1130492	506.461
chr3A	1155906	1158906	471.345
chr3A	1172950	1175950	473.351
chr3A	1207065	1210065	493.009
chr3A	1226950	1229950	494.447
chr3A	1252540	1255540	461.64
chr3A	1309484	1312484	468.165
chr3A	1329370	1332370	486.831
chr3A	1366360	1369360	522.599
chr3A	1383430	1386430	467.199
chr3A	1400500	1403500	480.938
chr3A	1440329	1443329	463.591
chr3A	1537940	1540940	490.869
chr3A	1549310	1552310	167.001
chr3A	1566366	1569366	418.8
chr3A	1646346	1649346	499.162
chr3A	1726313	1729313	480.244
chr3B	15685	18685	397.663
chr3B	84115	87115	418.893
chr3B	123940	126940	434.913
chr3B	146680	149680	327.79
chr3B	158055	161055	391.282
chr3B	169429	172429	397.697
chr3B	180799	183799	1046.76
chr3B	197850	200850	453.96
chr3B	214905	217905	494.908
chr3B	237643	240643	442.182
chr3B	260380	263380	568.606
chr3B	271750	274750	499.572
chr3B	328820	331820	492.601
chr3B	340190	343190	381.309
chr3B	351560	354560	499.576
chr3B	362930	365930	530.678
chr3B	379985	382985	430.902
chr3B	408410	411410	450.7
chr3B	435880	438880	449.322
chr3B	467144	470144	469.811
chr3B	492719	495719	509.425
chr3B	523984	526984	487.118
chr3B	550505	553505	466.654
chr3B	578916	581916	467.745
chr3B	598815	601815	474.249
chr3B	624393	627393	462.858
chr3B	652830	655830	487.318
chr3B	676527	679527	452.887
chr3B	703997	706997	494.476
chr3B	760873	763873	437.242
chr3B	780767	783767	485.882
chr3B	794980	797980	428.473
chr3B	806350	809350	448.993
chr3B	824865	827865	468.913
chr3B	869080	872080	328.303
chr3B	926027	929027	452.859
chr3B	945917	948917	477.676
chr3B	1058250	1061250	471.745
chr3B	1121062	1124062	464.234
chr3B	1149478	1152478	479.777
chr3B	1166530	1169530	440.544
chr3B	1183600	1186600	427.881
chr3B	1200670	1203670	446.105
chr3B	1212040	1215040	517.473
chr3B	1229093	1232093	480.56
chr3D	15685	18685	477.199
chr3D	32740	35740	520.291
chr3D	55476	58476	491.094
chr3D	81322	84322	456.267
chr3D	102035	105035	377.434
chr3D	125132	128132	542.835
chr3D	153545	156545	480.315
chr3D	170590	173590	490.637
chr3D	193340	196340	455.398
chr3D	204710	207710	415.063
chr3D	216080	219080	421.923
chr3D	227450	230450	475.593
chr3D	238820	241820	469.321
chr3D	319050	322050	446.508
chr3D	375996	378996	487.825
chr3D	404410	407410	539.06
chr3D	432823	435823	560.438
chr3D	458402	461402	555.878
chr3D	478300	481300	490.773
chr3D	506830	509830	724.496
chr3D	546730	549730	585.473
chr3D	575155	578155	568.206
chr3D	592210	595210	522.333
chr3D	603580	606580	585.055
chr3D	614950	617950	626.556
chr3D	637686	640686	570.556
chr3D	657585	660585	708.367
chr3D	677480	680480	565.296
chr3D	707527	710527	558.259
chr3D	725797	728797	556.834
chr3D	740010	743010	555.496
chr3D	751380	754380	540.74
chr3D	774119	777119	553.199
chr3D	802536	805536	529.635
chr3D	830953	833953	521.195
chr3D	853690	856690	486.769
chr3D	867910	870910	488.793
chr3D	899200	902200	496.522
chr3D	939030	942030	480.699
chr3D	964625	967625	578.897
chr3D	990223	993223	505.981
chr3D	1012960	1015960	269.594
chr3D	1024330	1027330	513.187
chr3D	1058438	1061438	493.611
chr3D	1078330	1081330	544.4
chr3D	1103910	1106910	413.369
chr3D	1115290	1118290	508.81
chr3D	1138022	1141022	479.138
chr3D	1163595	1166595	484.467
chr3D	1197710	1200710	420.741
chr3D	1211940	1214940	787.247
chr3D	1229010	1232010	483.688
chr3D	1240380	1243380	436.467
chr3D	1263114	1266114	517.021
chr4A	10000	13000	581.069
chr4A	27075	30075	577.355
chr4A	49830	52830	518.564
chr4A	101090	104090	583.265
chr4A	163840	166840	525.462
chr4A	180895	183895	763.564
chr4A	197950	200950	559.377
chr4A	217865	220865	591.017
chr4A	243460	246460	511.365
chr4A	260509	263509	926.784
chr4A	271880	274880	584.935
chr4A	309400	312400	496.302
chr4A	369733	372733	509.591
chr4A	395303	398303	517.302
chr4A	449410	452410	527.429
chr4A	469315	472315	514.393
chr4A	489219	492219	517.061
chr4A	509170	512170	691.163
chr4A	529120	532120	551.289
chr4A	540495	543495	549.084
chr4A	554717	557717	573.662
chr4A	568940	571940	661.911
chr4A	586010	589010	553.183
chr4A	605922	608922	493.499
chr4A	633140	636140	584.94
chr4A	655388	658388	504.377
chr4A	745590	748590	490.433
chr4A	774951	777951	495.702
chr4A	791050	794050	517.335
chr4A	802425	805425	662.544
chr4A	825163	828163	460.668
chr4A	845050	848050	467.588
chr4A	927867	930867	498.197
chr4A	956420	959420	370.096
chr4A	973610	976610	432.376
chr4A	1014353	1017353	498.545
chr4A	1042820	1045820	502.502
chr4A	1070593	1073593	511.026
chr4A	1093350	1096350	544.721
chr4A	1121788	1124788	463.507
chr4A	1142626	1145626	430.547
chr4A	1155890	1158890	368.222
chr4A	1172943	1175943	414.814
chr4A	1212738	1215738	489.305
chr4A	1232625	1235625	493.574
chr4A	1269575	1272575	434.786
chr4A	1315052	1318052	444.326
chr4A	1337790	1340790	698.054
chr4A	1349160	1352160	366.602
chr4A	1377583	1380583	422.919
chr4A	1411693	1414693	475.772
chr4A	1428750	1431750	472.707
chr4A	1440120	1443120	442.718
chr4A	1479943	1482943	462.59
chr4A	1531210	1534210	439.325
chr4A	1576790	1579790	479.731
chr4B	15685	18685	392.076
chr4B	78430	81430	414.837
chr4B	96265	99265	428.506
chr4B	114100	117100	417.025
chr4B	126235	129235	427.69
chr4B	138370	141370	394.085
chr4B	161110	164110	469.146
chr4B	200935	203935	440.043
chr4B	229360	232360	367.6
chr4B	246435	249435	427.832
chr4B	263510	266510	425.148
chr4B	297650	300650	411.414
chr4B	331757	334757	455.937
chr4B	357332	360332	441.859
chr4B	400000	403000	474.435
chr4B	417070	420070	577.415
chr4B	434140	437140	459.604
chr4B	445515	448515	689.132
chr4B	468253	471253	456.289
chr4B	491006	494006	475.573
chr4B	513760	516760	519.353
chr4B	525130	528130	473.392
chr4B	539352	542352	486.394
chr4B	564950	567950	491.118
chr4B	592569	595569	470.343
chr4B	618962	621962	469.814
chr4B	644560	647560	455.858
chr4B	674891	677891	466.422
chr4B	692887	695887	494.578
chr4B	707099	710099	430.613
chr4B	724155	727155	477.228
chr4B	741210	744210	343.795
chr4B	765841	768841	408.643
chr4B	783837	786837	473.723
chr4B	809470	812470	493.09
chr4B	832260	835260	416.469
chr4B	843630	846630	603.586
chr4B	860685	863685	466.288
chr4B	883439	886439	451.097
chr4B	906195	909195	503.963
chr4B	940300	943300	444.574
chr4B	974730	977730	476.288
chr4B	988794	991794	435.5
chr4B	1014227	1017227	487.344
chr4B	1034115	1037115	444.199
chr4D	15685	18685	462.542
chr4D	38440	41440	495.327
chr4D	61195	64195	488.324
chr4D	83950	86950	714.65
chr4D	101020	104020	381.78
chr4D	135160	138160	495.506
chr4D	180740	183740	534.371
chr4D	237810	240810	553.617
chr4D	318030	321030	525.772
chr4D	363620	366620	477.686
chr4D	398000	401000	572.346
chr4D	420915	423915	466.821
chr4D	449515	452515	511.713
chr4D	466569	469569	599.691
chr4D	477939	480939	556.49
chr4D	489310	492310	636.349
chr4D	500680	503680	580.505
chr4D	546193	549193	590.976
chr4D	574630	577630	592.824
chr4D	604961	607961	531.006
chr4D	622957	625957	541.819
chr4D	648590	651590	551.955
chr4D	682746	685746	563.191
chr4D	705490	708490	497.441
chr4D	797420	800420	506.499
chr4D	831560	834560	389.828
chr4D	842935	845935	439.097
chr4D	854310	857310	526.805
chr4D	871380	874380	500.592
chr4D	888450	891450	525.835
chr4D	899820	902820	557.632
chr4D	911190	914190	467.083
chr5A	10000	13000	564.995
chr5A	34870	37870	555.829
chr5A	60208	63208	519.107
chr5A	87943	90943	523.216
chr5A	109457	112457	511.116
chr5A	135039	138039	536.4
chr5A	163530	166530	511.3
chr5A	181260	184260	419.599
chr5A	250822	253822	418.483
chr5A	283040	286040	500.664
chr5A	294410	297410	174.642
chr5A	317143	320143	486.632
chr5A	339880	342880	612.506
chr5A	351250	354250	424.307
chr5A	363165	366165	474.21
chr5A	375080	378080	541.172
chr5A	387000	390000	382.447
chr5A	404600	407600	501.618
chr5A	421655	424655	580.122
chr5A	444393	447393	535.264
chr5A	472830	475830	594.762
chr5A	495585	498585	534.247
chr5A	512640	515640	552.95
chr5A	529690	532690	510.451
chr5A	552445	555445	455.027
chr5A	580883	583883	525.986
chr5A	603620	606620	557.862
chr5A	614990	617990	494.841
chr5A	643524	646524	974.184
chr5A	683423	686423	534.221
chr5A	723670	726670	638.552
chr5A	752550	755550	507.537
chr5A	769965	772965	485.717
chr5A	793065	796065	539.845
chr5A	832857	835857	532.403
chr5A	901167	904167	510.79
chr5A	922006	925006	507.411
chr5A	935270	938270	191.902
chr5A	958460	961460	561.43
chr5A	979680	982680	496.047
chr5A	993020	996020	436.804
chr5A	1004389	1007389	544.777
chr5A	1015759	1018759	983.623
chr5A	1027129	1030129	436.384
chr5A	1038500	1041500	469.66
chr5A	1049870	1052870	519.007
chr5A	1078400	1081400	998.901
chr5A	1118302	1121302	495.437
chr5B	10000	13000	388.755
chr5B	27070	30070	167.414
chr5B	49825	52825	430.36
chr5B	118255	121255	448.914
chr5B	138167	141167	407.718
chr5B	163765	166765	438.227
chr5B	192190	195190	403.077
chr5B	272420	275420	458.257
chr5B	300950	303950	432.152
chr5B	329480	332480	475.115
chr5B	340855	343855	357.526
chr5B	365216	368216	471.331
chr5B	393426	396426	498.756
chr5B	409055	412055	490.14
chr5B	420424	423424	457.005
chr5B	434647	437647	471.226
chr5B	448870	451870	698.106
chr5B	465940	468940	472.473
chr5B	477310	480310	532.214
chr5B	500050	503050	484.58
chr5B	519940	522940	465.443
chr5B	534275	537275	382.321
chr5B	545770	548770	513.5
chr5B	568690	571690	657.215
chr5B	591610	594610	458.942
chr5B	614400	617400	441.951
chr5B	648553	651553	466.63
chr5B	691212	694212	464.113
chr5B	705435	708435	396.537
chr5B	716810	719810	451.972
chr5B	773753	776753	427.972
chr5B	796490	799490	417.005
chr5B	819227	822227	471.737
chr5B	839117	842117	513.888
chr5B	859030	862030	469.39
chr5B	881785	884785	479.71
chr5B	932977	935977	473.189
chr5B	960442	963442	466.255
chr5B	978439	981439	435.434
chr5B	989810	992810	557.809
chr5B	1012547	1015547	472.471
chr5B	1035290	1038290	419.933
chr5B	1058022	1061022	481.93
chr5B	1092128	1095128	497.773
chr5B	1119600	1122600	458.509
chr5B	1149066	1152066	460.886
chr5B	1252980	1255980	455.743
chr5B	1270050	1273050	464.73
chr5B	1287120	1290120	448.707
chr5B	1309858	1312858	435.442
chr5B	1343968	1346968	465.799
chr5B	1363860	1366860	467.554
chr5B	1400812	1403812	497.556
chr5B	1420700	1423700	411.483
chr5B	1434910	1437910	352.497
chr5B	1457648	1460648	452.283
chr5B	1480389	1483389	367.304
chr5B	1491770	1494770	555.564
chr5B	1531613	1534613	445.298
chr5B	1560040	1563040	474.495
chr5D	10000	13000	529.327
chr5D	38425	41425	533.221
chr5D	55480	58480	651.89
chr5D	66850	69850	476.811
chr5D	78220	81220	642.876
chr5D	95275	98275	571.618
chr5D	112330	115330	534.161
chr5D	123702	126702	559.408
chr5D	135075	138075	633.498
chr5D	146450	149450	517.709
chr5D	157820	160820	514.606
chr5D	174869	177869	546.715
chr5D	208980	211980	508.977
chr5D	226035	229035	690.142
chr5D	250397	253397	499.822
chr5D	279089	282089	551.357
chr5D	304903	307903	595.408
chr5D	334035	337035	559.791
chr5D	362453	365453	570.112
chr5D	388027	391027	572.361
chr5D	419293	422293	544.767
chr5D	444863	447863	525.696
chr5D	464760	467760	533.75
chr5D	476130	479130	580.633
chr5D	487500	490500	570.136
chr5D	506760	509760	536.313
chr5D	528682	531682	556.05
chr5D	613590	616590	549.658
chr5D	636414	639414	537.869
chr5D	661476	664476	523.937
chr5D	699100	702100	426.285
chr5D	727630	730630	467.206
chr5D	761743	764743	532.234
chr5D	790155	793155	480.697
chr5D	818567	821567	484.583
chr5D	838457	841457	503.674
chr5D	852670	855670	592.367
chr5D	864040	867040	590.497
chr5D	875415	878415	727.916
chr5D	886790	889790	544.612
chr5D	898160	901160	640.188
chr5D	909530	912530	453.306
chr5D	920900	923900	519.027
chr5D	932270	935270	584.843
chr5D	943640	946640	492.336
chr5D	955010	958010	634.025
chr5D	966384	969384	368.543
chr5D	989123	992123	562.479
chr5D	1009010	1012010	573.671
chr5D	1045964	1048964	561.451
chr5D	1074378	1077378	574.03
chr5D	1102794	1105794	484.735
chr5D	1131213	1134213	475.159
chr5D	1159640	1162640	534.628
chr5D	1171020	1174020	703.588
chr5D	1188070	1191070	483.276
chr5D	1205120	1208120	635.416
chr5D	1216495	1219495	541.126
chr5D	1239236	1242236	550.457
chr5D	1273350	1276350	536.793
chr5D	1284719	1287719	393.808
chr5D	1296090	1299090	518.277
chr5D	1341596	1344596	533.781
chr5D	1364330	1367330	624.093
chr5D	1387072	1390072	532.757
chr5D	1409810	1412810	446.623
chr5D	1427420	1430420	529.138
chr5D	1483800	1486800	508.93
chr5D	1532440	1535440	496.673
chr5D	1545120	1548120	172.692
chr5D	1569156	1572156	501.093
chr5D	1614633	1617633	509.531
chr5D	1660140	1663140	464.569
chr5D	1705652	1708652	497.106
chr6A	10000	13000	492.847
chr6A	27070	30070	211.566
chr6A	44140	47140	451.89
chr6A	66930	69930	487.303
chr6A	89720	92720	505.457
chr6A	101095	104095	470.838
chr6A	112470	115470	432.577
chr6A	204400	207400	460.079
chr6A	232930	235930	790.382
chr6A	267165	270165	470.075
chr6A	284260	287260	267.415
chr6A	306198	309198	501.124
chr6A	326907	329907	489.87
chr6A	358280	361280	520.462
chr6A	386810	389810	468.54
chr6A	415345	418345	521.137
chr6A	456866	459866	531.642
chr6A	482845	485845	526.638
chr6A	500710	503710	606.096
chr6A	512080	515080	586.341
chr6A	534820	537820	550.229
chr6A	562110	565110	540.047
chr6A	580305	583305	543.559
chr6A	594527	597527	517.264
chr6A	608750	611750	672.308
chr6A	625820	628820	524.464
chr6A	649040	652040	444.208
chr6A	672260	675260	524.13
chr6A	695676	698676	477.233
chr6A	724264	727264	487.698
chr6A	746995	749995	498.025
chr6A	764260	767260	727.462
chr6A	775840	778840	494.649
chr6A	833340	836340	543.452
chr6A	844710	847710	415.995
chr6A	856080	859080	538.578
chr6A	890193	893193	432.455
chr6A	915763	918763	493.487
chr6A	964115	967115	480.182
chr6A	981170	984170	452.6
chr6A	998225	1001225	451.138
chr6B	22990	25990	448.043
chr6B	49780	52780	465.368
chr6B	66830	69830	394.28
chr6B	83900	86900	488.162
chr6B	100970	103970	438.653
chr6B	181200	184200	443.966
chr6B	198270	201270	660.437
chr6B	215340	218340	463.508
chr6B	255170	258170	494.073
chr6B	272225	275225	335.008
chr6B	283600	286600	462.202
chr6B	306340	309340	472.803
chr6B	340480	343480	455.263
chr6B	363220	366220	490.617
chr6B	385965	388965	453.558
chr6B	403030	406030	547.932
chr6B	420100	423100	458.054
chr6B	431470	434470	459.931
chr6B	455830	458830	461.805
chr6B	481812	484812	508.614
chr6B	511037	514037	478.491
chr6B	529981	532981	436.348
chr6B	545140	548140	526.764
chr6B	567880	570880	475.061
chr6B	590620	593620	468.276
chr6B	615254	618254	493.518
chr6B	638933	641933	437.707
chr6B	692967	695967	478.772
chr6B	712857	715857	448.415
chr6B	761206	764206	470.677
chr6B	812400	815400	485.772
chr6B	829455	832455	636.641
chr6B	851244	854244	453.61
chr6B	872080	875080	433.785
chr6B	897710	900710	278.209
chr6B	926185	929185	457.589
chr6B	960295	963295	459.14
chr6B	988720	991720	428.122
chr6D	10000	13000	501.43
chr6D	21370	24370	666.801
chr6D	44107	47107	456.378
chr6D	78260	81260	504.915
chr6D	101050	104050	493.061
chr6D	181027	184027	468.981
chr6D	209444	212444	449.503
chr6D	232175	235175	535.117
chr6D	271967	274967	475.127
chr6D	317480	320480	389.962
chr6D	362983	365983	474.112
chr6D	385720	388720	451.398
chr6D	410351	413351	516.581
chr6D	436875	439875	507.412
chr6D	453930	456930	603.105
chr6D	475719	478719	542.325
chr6D	510771	513771	561.946
chr6D	537295	540295	600.819
chr6D	565988	568988	567.147
chr6D	595079	598079	550.477
chr6D	622825	625825	570.265
chr6D	654125	657125	449.086
chr6D	671610	674610	304.774
chr6D	688685	691685	881.157
chr6D	711440	714440	522.778
chr6D	734195	737195	535.714
chr6D	751270	754270	524.238
chr6D	774060	777060	498.094
chr6D	796850	799850	425.897
chr6D	830956	833956	460.849
chr6D	858422	861422	484.593
chr6D	876420	879420	533.119
chr6D	950710	953710	460.158
chr6D	1001902	1004902	497.626
chr6D	1024640	1027640	590.867
chr6D	1036010	1039010	535.298
chr6D	1064436	1067436	495.716
chr6D	1128736	1131736	496.2
chr6D	1141150	1144150	636.877
chr6D	1152520	1155520	284.717
chr6D	1175262	1178262	507.485
chr6D	1209368	1212368	454.177
chr7A	15685	18685	450.973
chr7A	38440	41440	449.651
chr7A	61195	64195	466.979
chr7A	78855	81855	642.338
chr7A	90830	93830	501.306
chr7A	102810	105810	771.307
chr7A	114789	117789	493.11
chr7A	160303	163303	459.284
chr7A	183039	186039	528.597
chr7A	194410	197410	525.651
chr7A	228550	231550	488.981
chr7A	239925	242925	601.106
chr7A	251300	254300	460.166
chr7A	262670	265670	556.475
chr7A	285403	288403	478.122
chr7A	313840	316840	719.433
chr7A	330910	333910	529.383
chr7A	342284	345284	432.75
chr7A	353657	356657	519.051
chr7A	365030	368030	512.608
chr7A	376400	379400	491.285
chr7A	387770	390770	504.96
chr7A	412402	415402	519.881
chr7A	444620	447620	521.049
chr7A	501680	504680	497.069
chr7A	513050	516050	531.679
chr7A	535790	538790	524.832
chr7A	581263	584263	510.562
chr7A	610627	613627	508.274
chr7A	639988	642988	531.608
chr7A	668950	671950	571.203
chr7A	695565	698565	530.531
chr7A	714827	717827	555.438
chr7A	734725	737725	526.08
chr7A	751780	754780	475.089
chr7A	776408	779408	495.816
chr7A	797250	800250	403.572
chr7A	808620	811620	588.531
chr7A	819995	822995	521.05
chr7A	840837	843837	523.746
chr7A	872091	875091	503.799
chr7A	888190	891190	493.392
chr7A	922340	925340	443.518
chr7A	939410	942410	349.216
chr7A	956480	959480	507.004
chr7A	967850	970850	384.191
chr7A	984905	987905	523.235
chr7A	1001960	1004960	447.685
chr7A	1013330	1016330	461.508
chr7A	1024710	1027710	1133.79
chr7A	1047444	1050444	487.745
chr7A	1070180	1073180	417.479
chr7A	1081560	1084560	472.453
chr7A	1092930	1095930	486.798
chr7A	1104300	1107300	644.714
chr7A	1127035	1130035	487.387
chr7A	1207010	1210010	456.875
chr7A	1235433	1238433	473.694
chr7A	1275260	1278260	461.082
chr7A	1298009	1301009	440.102
chr7A	1315080	1318080	360.34
chr7A	1343518	1346518	482.106
chr7A	1363405	1366405	458.788
chr7B	21363	24363	437.786
chr7B	89789	92789	506.109
chr7B	112530	115530	508.278
chr7B	135280	138280	370.205
chr7B	158007	161007	472.184
chr7B	186423	189423	439.054
chr7B	209155	212155	484.219
chr7B	231910	234910	801.012
chr7B	260346	263346	474.138
chr7B	318847	321847	449.597
chr7B	339960	342960	553.941
chr7B	351330	354330	480.556
chr7B	408277	411277	451.015
chr7B	437637	440637	451.995
chr7B	465102	468102	452.307
chr7B	494327	497327	481.6
chr7B	520309	523309	496.22
chr7B	547527	550527	605.429
chr7B	567440	570440	461.716
chr7B	590179	593179	464.636
chr7B	617649	620649	447.259
chr7B	635650	638650	415.014
chr7B	658387	661387	464.295
chr7B	717158	720158	449.973
chr7B	738000	741000	422.781
chr7B	755055	758055	462.631
chr7B	792032	795032	439.296
chr7B	806255	809255	620.911
chr7B	823310	826310	483.047
chr7B	875220	878220	447.788
chr7B	933323	936323	456.037
chr7B	961302	964302	443.475
chr7B	985010	988010	455.67
chr7B	1007765	1010765	319.164
chr7B	1024840	1027840	446.685
chr7B	1041910	1044910	511.444
chr7B	1058980	1061980	463.541
chr7B	1081770	1084770	389.814
chr7B	1104560	1107560	460.844
chr7B	1115930	1118930	467.168
chr7B	1138672	1141672	456.163
chr7B	1167088	1170088	485.565
chr7B	1184140	1187140	411.589
chr7B	1195510	1198510	429.82
chr7D	15685	18685	449.721
chr7D	38440	41440	318.91
chr7D	61195	64195	489.414
chr7D	78250	81250	539.918
chr7D	100986	103986	398.049
chr7D	123730	126730	481.367
chr7D	135100	138100	542.345
chr7D	146470	149470	467.477
chr7D	157840	160840	484.49
chr7D	180577	183577	542.004
chr7D	200467	203467	363.422
chr7D	226050	229050	351.408
chr7D	237425	240425	355.204
chr7D	254480	257480	489.462
chr7D	271530	274530	408.367
chr7D	282900	285900	511.017
chr7D	317050	320050	534.202
chr7D	329045	332045	478.86
chr7D	347350	350350	458.803
chr7D	367575	370575	504.465
chr7D	393485	396485	473.392
chr7D	410540	413540	406.316
chr7D	421910	424910	469.038
chr7D	433280	436280	148.427
chr7D	458455	461455	495.901
chr7D	475910	478910	548.249
chr7D	490120	493120	322.467
chr7D	501490	504490	499.807
chr7D	512864	515864	294.143
chr7D	529920	532920	517.26
chr7D	546975	549975	557.336
chr7D	570560	573560	522.386
chr7D	589795	592795	581.159
chr7D	604205	607205	496.592
chr7D	628966	631966	540.596
chr7D	652080	655080	554.682
chr7D	672550	675550	490.217
chr7D	683920	686920	576.277
chr7D	695290	698290	538.403
chr7D	715202	718202	586.088
chr7D	740796	743796	478.236
chr7D	767320	770320	548.767
chr7D	791946	794946	544.671
chr7D	821076	824076	552.803
chr7D	850023	853023	596.653
chr7D	867830	870830	562.859
chr7D	880560	883560	638.806
chr7D	905650	908650	520.362
chr7D	922705	925705	343.386
chr7D	939760	942760	531.558
chr7D	956815	959815	438.417
chr7D	979552	982552	520.868
chr7D	1007965	1010965	421.871
chr7D	1036630	1039630	529.867
chr7D	1056770	1059770	525.837
chr7D	1076680	1079680	359.232
chr7D	1105124	1108124	501.238
chr7D	1127860	1130860	671.173
chr7D	1144916	1147916	486.45
chr7D	1173340	1176340	515.336
chr7D	1184710	1187710	527.046
chr7D	1201766	1204766	545.513
chr7D	1241558	1244558	457.637
chr7D	1267205	1270205	502.671
chr7D	1321564	1324564	469.44
chr7D	1341450	1344450	414.568
chr7D	1379079	1382079	481.691
chr7D	1436662	1439662	486.467
chr7D	1462232	1465232	479.799
chr7D	1482130	1485130	487.318
chr7D	1493505	1496505	493.319
chr7D	1518140	1521140	496.089
chr7D	1536134	1539134	344.166
chr7D	1573086	1576086	485.568
