chr1A	10000	13000	2
chr1A	1106902	1109902	16
chr1A	1135318	1138318	14
chr1A	1158623	1161623	11
chr1A	1188780	1191780	4
chr1A	136080	139080	5
chr1A	157975	160975	1
chr1A	179869	182869	2
chr1A	192130	195130	1
chr1A	215859	218859	4
chr1A	278580	281580	3
chr1A	44150	47150	2
chr1A	352774	355774	9
chr1A	378348	381348	4
chr1A	415300	418300	3
chr1A	455120	458120	20
chr1A	466495	469495	5
chr1A	477867	480867	6
chr1A	502504	505504	9
chr1A	526183	529183	3
chr1A	546080	549080	1
chr1A	568817	571817	4
chr1A	624019	627019	1
chr1A	682516	685516	12
chr1A	750759	753759	2
chr1A	776333	779333	10
chr1A	819000	822000	6
chr1A	887360	890360	2
chr1A	980240	983240	1
chr1B	1023080	1026080	1
chr1B	1068554	1071554	9
chr1B	1125396	1128396	11
chr1B	21370	24370	1
chr1B	1148140	1151140	3
chr1B	146500	149500	1
chr1B	192013	195013	6
chr1B	226119	229119	5
chr1B	266893	269893	6
chr1B	294370	297370	1
chr1B	321842	324842	2
chr1B	339840	342840	2
chr1B	385428	388428	8
chr1B	408480	411480	2
chr1B	456000	459000	30
chr1B	481844	484844	19
chr1B	511214	514214	3
chr1B	556690	559690	12
chr1B	590800	593800	9
chr1B	636306	639306	8
chr1B	656205	659205	4
chr1B	670420	673420	8
chr1B	78253	81253	6
chr1B	716000	719000	1
chr1B	738740	741740	1
chr1B	761480	764480	8
chr1B	818319	821319	1
chr1B	880895	883895	8
chr1B	909316	912316	2
chr1B	103847	106847	1
chr1B	966190	969190	7
chr1B	1006020	1009020	9
chr1D	1010660	1013660	2
chr1D	1022030	1025030	2
chr1D	1044768	1047768	4
chr1D	21363	24363	4
chr1D	1158840	1161840	2
chr1D	1181582	1184582	6
chr1D	129370	132370	5
chr1D	1210000	1213000	4
chr1D	1238412	1241412	6
chr1D	1266826	1269826	4
chr1D	1306620	1309620	7
chr1D	1317990	1320990	1
chr1D	1329360	1332360	2
chr1D	1346430	1349430	2
chr1D	1369183	1372183	7
chr1D	157790	160790	4
chr1D	197620	200620	4
chr1D	226050	229050	1
chr1D	317030	320030	1
chr1D	396719	399719	2
chr1D	428315	431315	3
chr1D	487673	490673	23
chr1D	514668	517668	3
chr1D	533140	536140	1
chr1D	567247	570247	21
chr1D	601350	604350	1
chr1D	624094	627094	6
chr1D	75225	78225	2
chr1D	669573	672573	9
chr1D	697985	700985	3
chr1D	726397	729397	4
chr1D	760504	763504	1
chr1D	787784	790784	2
chr1D	851457	854457	1
chr1D	96607	99607	5
chr1D	902615	905615	5
chr1D	948125	951125	4
chr1D	982230	985230	3
chr2A	15685	18685	2
chr2A	118219	121219	8
chr2A	158050	161050	4
chr2A	192190	195190	14
chr2A	203565	206565	3
chr2A	224022	227022	5
chr2A	305990	308990	1
chr2A	340093	343093	2
chr2A	49790	52790	6
chr2A	408407	411407	5
chr2A	428297	431297	1
chr2A	499750	502750	3
chr2A	522486	525486	13
chr2A	602340	605340	93
chr2A	694745	697745	1
chr2A	718050	721050	8
chr2A	752346	755346	27
chr2A	773077	776077	10
chr2A	832866	835866	9
chr2A	861282	864282	1
chr2A	902966	905966	5
chr2A	926076	929076	48
chr2B	10000	13000	8
chr2B	1056748	1059748	9
chr2B	1076640	1079640	6
chr2B	1125060	1128060	9
chr2B	157943	160943	13
chr2B	186355	189355	11
chr2B	231830	234830	2
chr2B	265940	268940	6
chr2B	351596	354596	17
chr2B	380010	383010	4
chr2B	402740	405740	10
chr2B	431170	434170	1
chr2B	55580	58580	1
chr2B	523880	526880	12
chr2B	556360	559360	23
chr2B	584784	587784	9
chr2B	614015	617015	54
chr2B	639725	642725	6
chr2B	668145	671145	24
chr2B	696024	699024	4
chr2B	724985	727985	28
chr2B	84005	87005	10
chr2B	789515	792515	7
chr2B	874790	877790	4
chr2B	914615	917615	4
chr2B	988543	991543	25
chr2D	112310	115310	7
chr2D	21367	24367	11
chr2D	146420	149420	6
chr2D	169170	172170	5
chr2D	213292	216292	12
chr2D	244110	247110	1
chr2D	257719	260719	8
chr2D	286145	289145	1
chr2D	312610	315610	4
chr2D	354355	357355	3
chr2D	46938	49938	4
chr2D	411205	414205	3
chr2D	456715	459715	3
chr2D	496507	499507	16
chr2D	541983	544983	1
chr2D	564720	567720	1
chr2D	576090	579090	5
chr2D	587460	590460	1
chr2D	610197	613197	8
chr2D	639425	642425	18
chr2D	667027	670027	36
chr2D	686919	689919	8
chr2D	701130	704130	2
chr2D	725761	728761	35
chr2D	83890	86890	16
chr2D	753227	756227	8
chr2D	780693	783693	18
chr2D	810057	813057	10
chr2D	826160	829160	5
chr2D	848900	851900	44
chr3A	1076300	1079300	10
chr3A	1127492	1130492	4
chr3A	123910	126910	1
chr3A	1155906	1158906	4
chr3A	1207065	1210065	11
chr3A	1226950	1229950	2
chr3A	1329370	1332370	4
chr3A	1366360	1369360	4
chr3A	146650	149650	12
chr3A	1400500	1403500	1
chr3A	1440329	1443329	4
chr3A	1537940	1540940	1
chr3A	1566366	1569366	3
chr3A	1646346	1649346	1
chr3A	1726313	1729313	1
chr3A	192160	195160	8
chr3A	214899	217899	1
chr3A	249050	252050	10
chr3A	300675	303675	1
chr3A	348046	351046	5
chr3A	382511	385511	6
chr3A	410260	413260	5
chr3A	455740	458740	1
chr3A	55580	58580	2
chr3A	478477	481477	4
chr3A	506903	509903	5
chr3A	536950	539950	4
chr3A	562798	565798	12
chr3A	586485	589485	26
chr3A	606397	609397	2
chr3A	626310	629310	1
chr3A	660423	663423	4
chr3A	688835	691835	1
chr3A	717247	720247	10
chr3A	745685	748685	1
chr3A	768435	771435	2
chr3A	785490	788490	1
chr3A	808229	811229	1
chr3A	830973	833973	2
chr3A	905090	908090	4
chr3A	101160	104160	4
chr3A	939195	942195	2
chr3A	984705	987705	4
chr3B	15685	18685	7
chr3B	1058250	1061250	14
chr3B	1121062	1124062	19
chr3B	123940	126940	4
chr3B	1149478	1152478	5
chr3B	1166530	1169530	9
chr3B	1200670	1203670	1
chr3B	1229093	1232093	11
chr3B	169429	172429	3
chr3B	197850	200850	10
chr3B	237643	240643	9
chr3B	271750	274750	8
chr3B	328820	331820	12
chr3B	351560	354560	1
chr3B	362930	365930	2
chr3B	379985	382985	1
chr3B	408410	411410	6
chr3B	435880	438880	10
chr3B	467144	470144	17
chr3B	492719	495719	11
chr3B	523984	526984	11
chr3B	550505	553505	2
chr3B	578916	581916	19
chr3B	598815	601815	7
chr3B	624393	627393	23
chr3B	676527	679527	7
chr3B	703997	706997	3
chr3B	84115	87115	21
chr3B	760873	763873	10
chr3B	794980	797980	3
chr3B	806350	809350	1
chr3B	824865	827865	4
chr3B	926027	929027	3
chr3B	945917	948917	1
chr3D	15685	18685	31
chr3D	1024330	1027330	3
chr3D	1058438	1061438	4
chr3D	1103910	1106910	2
chr3D	1138022	1141022	10
chr3D	125132	128132	20
chr3D	1163595	1166595	3
chr3D	1197710	1200710	6
chr3D	1229010	1232010	13
chr3D	1263114	1266114	4
chr3D	153545	156545	6
chr3D	193340	196340	1
chr3D	227450	230450	4
chr3D	238820	241820	4
chr3D	319050	322050	3
chr3D	375996	378996	3
chr3D	404410	407410	3
chr3D	432823	435823	4
chr3D	458402	461402	2
chr3D	55476	58476	4
chr3D	546730	549730	35
chr3D	575155	578155	12
chr3D	603580	606580	2
chr3D	637686	640686	4
chr3D	677480	680480	13
chr3D	707527	710527	3
chr3D	81322	84322	4
chr3D	725797	728797	1
chr3D	740010	743010	4
chr3D	751380	754380	3
chr3D	774119	777119	5
chr3D	802536	805536	2
chr3D	830953	833953	8
chr3D	853690	856690	1
chr3D	867910	870910	3
chr3D	899200	902200	2
chr3D	939030	942030	17
chr3D	964625	967625	1
chr3D	990223	993223	8
chr4A	1014353	1017353	3
chr4A	1070593	1073593	11
chr4A	1121788	1124788	48
chr4A	1142626	1145626	3
chr4A	1212738	1215738	4
chr4A	1232625	1235625	2
chr4A	1269575	1272575	2
chr4A	1315052	1318052	2
chr4A	1349160	1352160	1
chr4A	1377583	1380583	5
chr4A	1411693	1414693	1
chr4A	1479943	1482943	12
chr4A	1531210	1534210	3
chr4A	163840	166840	7
chr4A	197950	200950	1
chr4A	243460	246460	1
chr4A	309400	312400	3
chr4A	369733	372733	2
chr4A	395303	398303	1
chr4A	449410	452410	1
chr4A	586010	589010	14
chr4A	633140	636140	37
chr4A	655388	658388	9
chr4A	745590	748590	5
chr4A	774951	777951	7
chr4A	791050	794050	4
chr4A	825163	828163	1
chr4A	845050	848050	1
chr4A	101090	104090	2
chr4A	927867	930867	7
chr4B	15685	18685	1
chr4B	161110	164110	1
chr4B	200935	203935	2
chr4B	331757	334757	3
chr4B	400000	403000	2
chr4B	434140	437140	1
chr4B	513760	516760	40
chr4B	525130	528130	1
chr4B	539352	542352	3
chr4B	564950	567950	5
chr4B	592569	595569	17
chr4B	618962	621962	16
chr4B	674891	677891	8
chr4B	78430	81430	9
chr4B	765841	768841	2
chr4B	783837	786837	3
chr4B	843630	846630	3
chr4B	860685	863685	1
chr4B	906195	909195	1
chr4B	940300	943300	2
chr4B	988794	991794	1
chr4D	15685	18685	14
chr4D	135160	138160	1
chr4D	180740	183740	3
chr4D	237810	240810	2
chr4D	363620	366620	2
chr4D	398000	401000	8
chr4D	449515	452515	2
chr4D	477939	480939	2
chr4D	500680	503680	2
chr4D	546193	549193	48
chr4D	574630	577630	1
chr4D	604961	607961	10
chr4D	622957	625957	1
chr4D	682746	685746	8
chr4D	83950	86950	1
chr4D	797420	800420	7
chr4D	854310	857310	9
chr4D	888450	891450	2
chr4D	899820	902820	1
chr4D	911190	914190	1
chr5A	10000	13000	12
chr5A	1027129	1030129	4
chr5A	1049870	1052870	8
chr5A	1118302	1121302	6
chr5A	135039	138039	7
chr5A	163530	166530	3
chr5A	181260	184260	3
chr5A	250822	253822	15
chr5A	34870	37870	4
chr5A	283040	286040	3
chr5A	317143	320143	8
chr5A	351250	354250	1
chr5A	375080	378080	2
chr5A	404600	407600	3
chr5A	444393	447393	4
chr5A	495585	498585	6
chr5A	60208	63208	18
chr5A	580883	583883	14
chr5A	603620	606620	4
chr5A	614990	617990	9
chr5A	683423	686423	6
chr5A	752550	755550	15
chr5A	87943	90943	18
chr5A	793065	796065	1
chr5A	832857	835857	1
chr5A	901167	904167	8
chr5A	922006	925006	4
chr5A	958460	961460	1
chr5A	109457	112457	5
chr5B	1012547	1015547	8
chr5B	1035290	1038290	2
chr5B	1058022	1061022	7
chr5B	1092128	1095128	2
chr5B	118255	121255	5
chr5B	1119600	1122600	14
chr5B	1149066	1152066	20
chr5B	1252980	1255980	3
chr5B	1287120	1290120	1
chr5B	1309858	1312858	8
chr5B	1343968	1346968	4
chr5B	1400812	1403812	11
chr5B	1420700	1423700	9
chr5B	1457648	1460648	32
chr5B	1491770	1494770	1
chr5B	163765	166765	2
chr5B	1560040	1563040	8
chr5B	192190	195190	1
chr5B	272420	275420	2
chr5B	329480	332480	2
chr5B	365216	368216	8
chr5B	393426	396426	22
chr5B	49825	52825	7
chr5B	409055	412055	9
chr5B	434647	437647	8
chr5B	465940	468940	22
chr5B	500050	503050	7
chr5B	519940	522940	6
chr5B	545770	548770	3
chr5B	648553	651553	31
chr5B	691212	694212	5
chr5B	716810	719810	1
chr5B	796490	799490	1
chr5B	819227	822227	6
chr5B	839117	842117	5
chr5B	881785	884785	4
chr5B	932977	935977	1
chr5B	960442	963442	1
chr5B	978439	981439	1
chr5D	10000	13000	3
chr5D	112330	115330	1
chr5D	1045964	1048964	3
chr5D	1102794	1105794	1
chr5D	1131213	1134213	4
chr5D	123702	126702	3
chr5D	1188070	1191070	6
chr5D	1205120	1208120	1
chr5D	1216495	1219495	2
chr5D	1239236	1242236	4
chr5D	1296090	1299090	1
chr5D	1341596	1344596	9
chr5D	1364330	1367330	1
chr5D	146450	149450	4
chr5D	1387072	1390072	20
chr5D	1427420	1430420	1
chr5D	1483800	1486800	5
chr5D	1569156	1572156	14
chr5D	1614633	1617633	17
chr5D	174869	177869	2
chr5D	1660140	1663140	2
chr5D	1705652	1708652	27
chr5D	208980	211980	3
chr5D	250397	253397	5
chr5D	279089	282089	9
chr5D	38425	41425	1
chr5D	304903	307903	25
chr5D	334035	337035	9
chr5D	362453	365453	9
chr5D	419293	422293	9
chr5D	444863	447863	6
chr5D	464760	467760	1
chr5D	476130	479130	3
chr5D	506760	509760	5
chr5D	528682	531682	6
chr5D	66850	69850	2
chr5D	613590	616590	2
chr5D	636414	639414	3
chr5D	661476	664476	6
chr5D	727630	730630	6
chr5D	761743	764743	4
chr5D	790155	793155	7
chr5D	818567	821567	7
chr5D	838457	841457	7
chr5D	95275	98275	2
chr5D	864040	867040	1
chr5D	886790	889790	1
chr5D	909530	912530	6
chr5D	920900	923900	2
chr5D	932270	935270	3
chr5D	989123	992123	4
chr6A	10000	13000	5
chr6A	112470	115470	3
chr6A	267165	270165	16
chr6A	306198	309198	8
chr6A	326907	329907	2
chr6A	44140	47140	8
chr6A	386810	389810	1
chr6A	456866	459866	1
chr6A	482845	485845	25
chr6A	500710	503710	2
chr6A	512080	515080	11
chr6A	534820	537820	6
chr6A	562110	565110	5
chr6A	580305	583305	1
chr6A	594527	597527	2
chr6A	625820	628820	3
chr6A	695676	698676	2
chr6A	724264	727264	1
chr6A	856080	859080	3
chr6A	890193	893193	9
chr6A	915763	918763	1
chr6A	964115	967115	13
chr6A	998225	1001225	19
chr6B	22990	25990	15
chr6B	181200	184200	10
chr6B	215340	218340	2
chr6B	255170	258170	4
chr6B	363220	366220	3
chr6B	385965	388965	1
chr6B	420100	423100	15
chr6B	431470	434470	2
chr6B	455830	458830	26
chr6B	481812	484812	14
chr6B	511037	514037	16
chr6B	529981	532981	1
chr6B	567880	570880	2
chr6B	66830	69830	2
chr6B	590620	593620	4
chr6B	615254	618254	1
chr6B	638933	641933	8
chr6B	692967	695967	7
chr6B	712857	715857	3
chr6B	761206	764206	2
chr6B	812400	815400	12
chr6B	851244	854244	5
chr6B	872080	875080	1
chr6B	100970	103970	3
chr6B	926185	929185	6
chr6B	960295	963295	12
chr6B	988720	991720	12
chr6D	1036010	1039010	1
chr6D	1064436	1067436	6
chr6D	1141150	1144150	1
chr6D	1175262	1178262	8
chr6D	1209368	1212368	13
chr6D	181027	184027	24
chr6D	209444	212444	4
chr6D	232175	235175	3
chr6D	271967	274967	5
chr6D	317480	320480	1
chr6D	44107	47107	10
chr6D	362983	365983	7
chr6D	410351	413351	11
chr6D	436875	439875	5
chr6D	475719	478719	9
chr6D	510771	513771	7
chr6D	537295	540295	13
chr6D	565988	568988	14
chr6D	595079	598079	2
chr6D	622825	625825	5
chr6D	751270	754270	1
chr6D	830956	833956	1
chr6D	858422	861422	4
chr6D	876420	879420	1
chr6D	101050	104050	4
chr6D	950710	953710	17
chr6D	1001902	1004902	3
chr7A	15685	18685	35
chr7A	1013330	1016330	4
chr7A	1047444	1050444	4
chr7A	114789	117789	2
chr7A	1070180	1073180	4
chr7A	1081560	1084560	1
chr7A	1092930	1095930	5
chr7A	1127035	1130035	10
chr7A	1207010	1210010	1
chr7A	1235433	1238433	6
chr7A	1275260	1278260	1
chr7A	1343518	1346518	8
chr7A	1363405	1366405	2
chr7A	228550	231550	5
chr7A	251300	254300	1
chr7A	330910	333910	12
chr7A	353657	356657	3
chr7A	376400	379400	5
chr7A	412402	415402	3
chr7A	501680	504680	2
chr7A	61195	64195	2
chr7A	581263	584263	11
chr7A	610627	613627	1
chr7A	639988	642988	22
chr7A	668950	671950	22
chr7A	695565	698565	13
chr7A	734725	737725	7
chr7A	776408	779408	4
chr7A	840837	843837	4
chr7A	872091	875091	2
chr7A	922340	925340	3
chr7A	956480	959480	1
chr7A	984905	987905	6
chr7A	1001960	1004960	2
chr7B	1058980	1061980	1
chr7B	1104560	1107560	6
chr7B	1138672	1141672	25
chr7B	21363	24363	3
chr7B	1167088	1170088	1
chr7B	1184140	1187140	1
chr7B	1195510	1198510	21
chr7B	135280	138280	1
chr7B	158007	161007	2
chr7B	209155	212155	3
chr7B	260346	263346	4
chr7B	318847	321847	1
chr7B	339960	342960	1
chr7B	408277	411277	1
chr7B	465102	468102	20
chr7B	494327	497327	4
chr7B	520309	523309	56
chr7B	567440	570440	9
chr7B	590179	593179	3
chr7B	617649	620649	4
chr7B	658387	661387	18
chr7B	717158	720158	5
chr7B	792032	795032	2
chr7B	823310	826310	1
chr7B	875220	878220	2
chr7B	933323	936323	2
chr7B	961302	964302	5
chr7B	985010	988010	5
chr7D	15685	18685	13
chr7D	1036630	1039630	4
chr7D	1056770	1059770	3
chr7D	1105124	1108124	9
chr7D	1144916	1147916	4
chr7D	123730	126730	1
chr7D	1184710	1187710	1
chr7D	1201766	1204766	4
chr7D	1241558	1244558	6
chr7D	135100	138100	3
chr7D	1321564	1324564	7
chr7D	146470	149470	1
chr7D	1379079	1382079	3
chr7D	1436662	1439662	2
chr7D	1462232	1465232	1
chr7D	1482130	1485130	1
chr7D	1493505	1496505	12
chr7D	1518140	1521140	6
chr7D	1573086	1576086	5
chr7D	180577	183577	2
chr7D	200467	203467	2
chr7D	254480	257480	1
chr7D	38440	41440	1
chr7D	347350	350350	5
chr7D	393485	396485	2
chr7D	421910	424910	1
chr7D	458455	461455	18
chr7D	512864	515864	1
chr7D	61195	64195	5
chr7D	529920	532920	4
chr7D	546975	549975	3
chr7D	570560	573560	2
chr7D	628966	631966	4
chr7D	695290	698290	2
chr7D	740796	743796	2
chr7D	767320	770320	8
chr7D	791946	794946	2
chr7D	821076	824076	11
chr7D	850023	853023	37
chr7D	867830	870830	5
chr7D	905650	908650	2
chr7D	100986	103986	5
chr7D	939760	942760	2
chr7D	979552	982552	4
