chr1A	10000	13000	2.2113
chr1A	44150	47150	2.73811
chr1A	136080	139080	5.70161
chr1A	157975	160975	9.13125
chr1A	179869	182869	10.6721
chr1A	192130	195130	6.73478
chr1A	215859	218859	1.7343
chr1A	278580	281580	3.78672
chr1A	352774	355774	1.16926
chr1A	378348	381348	0.72083
chr1A	415300	418300	0.489742
chr1A	455120	458120	0.0942165
chr1A	466495	469495	0.157383
chr1A	477867	480867	0.627947
chr1A	502504	505504	0.606997
chr1A	526183	529183	0.469435
chr1A	546080	549080	3.00417
chr1A	568817	571817	0.68712
chr1A	624019	627019	0.426483
chr1A	682516	685516	1.86456
chr1A	750759	753759	0.390102
chr1A	776333	779333	3.32494
chr1A	819000	822000	4.44188
chr1A	887360	890360	0.897553
chr1A	980240	983240	0.406679
chr1A	1106902	1109902	4.01793
chr1A	1135318	1138318	1.98535
chr1A	1158623	1161623	4.10316
chr1A	1188780	1191780	1.72776
chr1B	21370	24370	2.1349
chr1B	78253	81253	1.5841
chr1B	103847	106847	7.32955
chr1B	146500	149500	4.75871
chr1B	192013	195013	1.5631
chr1B	226119	229119	5.23994
chr1B	266893	269893	1.02974
chr1B	294370	297370	0.24779
chr1B	321842	324842	0.703262
chr1B	339840	342840	0.649686
chr1B	385428	388428	1.58964
chr1B	408480	411480	1.00108
chr1B	456000	459000	0.111232
chr1B	481844	484844	0.298427
chr1B	511214	514214	0.469638
chr1B	556690	559690	1.11912
chr1B	590800	593800	0.995347
chr1B	636306	639306	1.17981
chr1B	656205	659205	6.49531
chr1B	670420	673420	0.54503
chr1B	716000	719000	0.585069
chr1B	738740	741740	0.609711
chr1B	761480	764480	1.11335
chr1B	818319	821319	4.27422
chr1B	880895	883895	2.0354
chr1B	909316	912316	1.03568
chr1B	966190	969190	21.2626
chr1B	1006020	1009020	2.95956
chr1B	1023080	1026080	3.12354
chr1B	1068554	1071554	2.47977
chr1B	1125396	1128396	2.66323
chr1B	1148140	1151140	0.62132
chr1D	21363	24363	1.30486
chr1D	75225	78225	5.67019
chr1D	96607	99607	3.19248
chr1D	129370	132370	4.43636
chr1D	157790	160790	2.7812
chr1D	197620	200620	2.11964
chr1D	226050	229050	0.537652
chr1D	317030	320030	0.37583
chr1D	396719	399719	0.990094
chr1D	428315	431315	1.75681
chr1D	487673	490673	0.148343
chr1D	514668	517668	0.368271
chr1D	533140	536140	0.115896
chr1D	567247	570247	0.810348
chr1D	601350	604350	0.317892
chr1D	624094	627094	2.19172
chr1D	669573	672573	1.35217
chr1D	697985	700985	3.84486
chr1D	726397	729397	0.639247
chr1D	760504	763504	0.596623
chr1D	787784	790784	0.877332
chr1D	851457	854457	0.997496
chr1D	902615	905615	1.87644
chr1D	948125	951125	2.01011
chr1D	982230	985230	2.0251
chr1D	1010660	1013660	2.22087
chr1D	1022030	1025030	4.64934
chr1D	1044768	1047768	2.19925
chr1D	1158840	1161840	2.13153
chr1D	1181582	1184582	3.17113
chr1D	1210000	1213000	2.03721
chr1D	1238412	1241412	2.09475
chr1D	1266826	1269826	3.57443
chr1D	1306620	1309620	8.32715
chr1D	1317990	1320990	5.26388
chr1D	1329360	1332360	2.00222
chr1D	1346430	1349430	30.1964
chr1D	1369183	1372183	2.1992
chr2A	15685	18685	2.01497
chr2A	49790	52790	4.33617
chr2A	118219	121219	2.34749
chr2A	158050	161050	1.64126
chr2A	192190	195190	10.0415
chr2A	203565	206565	15.7962
chr2A	224022	227022	3.91797
chr2A	305990	308990	3.03349
chr2A	340093	343093	0.97511
chr2A	408407	411407	2.03157
chr2A	428297	431297	0.255995
chr2A	499750	502750	0.99022
chr2A	522486	525486	1.77277
chr2A	602340	605340	0.214354
chr2A	694745	697745	2.28582
chr2A	718050	721050	1.77555
chr2A	752346	755346	1.43758
chr2A	773077	776077	1.99725
chr2A	832866	835866	1.4857
chr2A	861282	864282	0.468009
chr2A	902966	905966	0.958345
chr2A	926076	929076	2.96037
chr2B	10000	13000	1.93794
chr2B	55580	58580	0.827452
chr2B	84005	87005	2.54432
chr2B	157943	160943	3.08517
chr2B	186355	189355	6.20964
chr2B	231830	234830	1.8267
chr2B	265940	268940	1.12139
chr2B	351596	354596	2.3329
chr2B	380010	383010	2.14337
chr2B	402740	405740	2.03928
chr2B	431170	434170	0.36097
chr2B	523880	526880	0.884121
chr2B	556360	559360	0.68158
chr2B	584784	587784	0.509543
chr2B	614015	617015	0.183752
chr2B	639725	642725	0.344066
chr2B	668145	671145	0.960822
chr2B	696024	699024	1.0427
chr2B	724985	727985	1.1649
chr2B	789515	792515	0.769843
chr2B	874790	877790	1.5715
chr2B	914615	917615	6.40865
chr2B	988543	991543	2.88924
chr2B	1056748	1059748	1.11598
chr2B	1076640	1079640	2.57906
chr2B	1125060	1128060	7.58936
chr2D	21367	24367	2.47333
chr2D	46938	49938	2.94133
chr2D	83890	86890	5.87482
chr2D	112310	115310	3.85028
chr2D	146420	149420	3.46109
chr2D	169170	172170	2.52856
chr2D	213292	216292	13.4354
chr2D	244110	247110	9.61326
chr2D	257719	260719	3.84689
chr2D	286145	289145	0.681779
chr2D	312610	315610	8.71824
chr2D	354355	357355	0.832889
chr2D	411205	414205	1.58588
chr2D	456715	459715	0.56717
chr2D	496507	499507	1.72513
chr2D	541983	544983	0.661791
chr2D	564720	567720	1.72728
chr2D	576090	579090	1.8154
chr2D	587460	590460	1.24438
chr2D	610197	613197	0.460509
chr2D	639425	642425	0.522424
chr2D	667027	670027	0.203834
chr2D	686919	689919	0.926458
chr2D	701130	704130	1.27601
chr2D	725761	728761	2.24661
chr2D	753227	756227	2.01399
chr2D	780693	783693	2.39593
chr2D	810057	813057	1.85911
chr2D	826160	829160	1.01293
chr2D	848900	851900	2.78418
chr3A	55580	58580	1.96943
chr3A	101160	104160	3.45898
chr3A	123910	126910	0.699511
chr3A	146650	149650	5.94357
chr3A	192160	195160	4.05511
chr3A	214899	217899	0.862552
chr3A	249050	252050	5.19686
chr3A	300675	303675	0.463633
chr3A	348046	351046	1.53669
chr3A	382511	385511	4.1834
chr3A	410260	413260	0.930733
chr3A	455740	458740	1.33256
chr3A	478477	481477	0.685441
chr3A	506903	509903	0.298623
chr3A	536950	539950	0.161623
chr3A	562798	565798	0.0570223
chr3A	586485	589485	0.420159
chr3A	606397	609397	4.33508
chr3A	626310	629310	0.141931
chr3A	660423	663423	0.59741
chr3A	688835	691835	0.120379
chr3A	717247	720247	0.875987
chr3A	745685	748685	4.45603
chr3A	768435	771435	0.72378
chr3A	785490	788490	0.479294
chr3A	808229	811229	0.211735
chr3A	830973	833973	0.370424
chr3A	905090	908090	1.46043
chr3A	939195	942195	1.15641
chr3A	984705	987705	2.41207
chr3A	1076300	1079300	2.38407
chr3A	1127492	1130492	1.34251
chr3A	1155906	1158906	1.5291
chr3A	1207065	1210065	2.17621
chr3A	1226950	1229950	6.81996
chr3A	1329370	1332370	1.94344
chr3A	1366360	1369360	1.71908
chr3A	1400500	1403500	0.948596
chr3A	1440329	1443329	1.26578
chr3A	1537940	1540940	0.329
chr3A	1566366	1569366	1.60871
chr3A	1646346	1649346	0.473588
chr3A	1726313	1729313	0.324929
chr3B	15685	18685	3.54152
chr3B	84115	87115	4.36346
chr3B	123940	126940	3.23355
chr3B	169429	172429	8.83772
chr3B	197850	200850	2.80049
chr3B	237643	240643	2.27278
chr3B	271750	274750	5.8515
chr3B	328820	331820	3.019
chr3B	351560	354560	7.92977
chr3B	362930	365930	8.10196
chr3B	379985	382985	0.474561
chr3B	408410	411410	0.911734
chr3B	435880	438880	1.25369
chr3B	467144	470144	0.28902
chr3B	492719	495719	0.0615984
chr3B	523984	526984	0.187616
chr3B	550505	553505	0.103816
chr3B	578916	581916	0.291306
chr3B	598815	601815	0.724518
chr3B	624393	627393	0.636936
chr3B	676527	679527	2.21383
chr3B	703997	706997	1.20213
chr3B	760873	763873	1.39382
chr3B	794980	797980	0.769712
chr3B	806350	809350	0.836113
chr3B	824865	827865	3.1157
chr3B	926027	929027	1.19278
chr3B	945917	948917	0.676595
chr3B	1058250	1061250	2.1443
chr3B	1121062	1124062	2.54853
chr3B	1149478	1152478	1.73205
chr3B	1166530	1169530	6.42609
chr3B	1200670	1203670	1.1015
chr3B	1229093	1232093	1.78105
chr3D	15685	18685	6.96477
chr3D	55476	58476	2.00651
chr3D	81322	84322	6.54146
chr3D	125132	128132	5.90038
chr3D	153545	156545	2.90513
chr3D	193340	196340	3.55779
chr3D	227450	230450	4.55113
chr3D	238820	241820	2.82723
chr3D	319050	322050	2.23627
chr3D	375996	378996	0.808996
chr3D	404410	407410	1.33211
chr3D	432823	435823	0.830585
chr3D	458402	461402	0.399194
chr3D	546730	549730	0.134734
chr3D	575155	578155	0.957786
chr3D	603580	606580	0.42736
chr3D	637686	640686	0.259255
chr3D	677480	680480	0.880735
chr3D	707527	710527	0.675042
chr3D	725797	728797	0.280662
chr3D	740010	743010	3.05637
chr3D	751380	754380	0.406571
chr3D	774119	777119	1.05653
chr3D	802536	805536	1.14145
chr3D	830953	833953	1.85231
chr3D	853690	856690	2.83006
chr3D	867910	870910	4.06199
chr3D	899200	902200	1.11829
chr3D	939030	942030	2.44302
chr3D	964625	967625	5.84744
chr3D	990223	993223	2.32235
chr3D	1024330	1027330	5.3272
chr3D	1058438	1061438	2.48358
chr3D	1103910	1106910	4.15446
chr3D	1138022	1141022	3.63259
chr3D	1163595	1166595	1.14622
chr3D	1197710	1200710	5.88449
chr3D	1229010	1232010	3.00571
chr3D	1263114	1266114	1.20799
chr4A	101090	104090	1.64069
chr4A	163840	166840	5.02491
chr4A	197950	200950	0.384451
chr4A	243460	246460	1.12884
chr4A	309400	312400	2.23224
chr4A	369733	372733	2.01022
chr4A	395303	398303	0.327406
chr4A	449410	452410	0.321799
chr4A	586010	589010	0.249792
chr4A	633140	636140	0.106329
chr4A	655388	658388	3.68158
chr4A	745590	748590	2.81212
chr4A	774951	777951	1.76766
chr4A	791050	794050	2.84641
chr4A	825163	828163	0.532564
chr4A	845050	848050	0.658575
chr4A	927867	930867	5.59772
chr4A	1014353	1017353	1.40567
chr4A	1070593	1073593	3.58044
chr4A	1121788	1124788	1.12553
chr4A	1142626	1145626	0.958191
chr4A	1212738	1215738	2.70334
chr4A	1232625	1235625	2.1648
chr4A	1269575	1272575	1.37373
chr4A	1315052	1318052	0.774087
chr4A	1349160	1352160	1.19805
chr4A	1377583	1380583	1.31423
chr4A	1411693	1414693	0.87943
chr4A	1479943	1482943	3.6187
chr4A	1531210	1534210	1.59176
chr4B	15685	18685	0.662291
chr4B	78430	81430	3.8332
chr4B	161110	164110	3.00735
chr4B	200935	203935	2.65887
chr4B	331757	334757	1.52318
chr4B	400000	403000	1.15575
chr4B	434140	437140	1.01234
chr4B	513760	516760	0.155398
chr4B	525130	528130	0.71835
chr4B	539352	542352	0.205114
chr4B	564950	567950	0.131681
chr4B	592569	595569	0.294668
chr4B	618962	621962	0.46678
chr4B	674891	677891	0.713865
chr4B	765841	768841	1.49686
chr4B	783837	786837	1.8058
chr4B	843630	846630	38.5267
chr4B	860685	863685	0.552474
chr4B	906195	909195	1.3439
chr4B	940300	943300	1.35955
chr4B	988794	991794	1.749
chr4D	15685	18685	4.53155
chr4D	83950	86950	102.093
chr4D	135160	138160	2.10853
chr4D	180740	183740	3.24517
chr4D	237810	240810	2.15835
chr4D	363620	366620	2.72186
chr4D	398000	401000	5.68085
chr4D	449515	452515	0.676869
chr4D	477939	480939	0.482645
chr4D	500680	503680	0.627912
chr4D	546193	549193	0.159606
chr4D	574630	577630	1.34733
chr4D	604961	607961	1.61941
chr4D	622957	625957	1.05412
chr4D	682746	685746	1.11661
chr4D	797420	800420	3.7048
chr4D	854310	857310	2.46043
chr4D	888450	891450	1.56266
chr4D	899820	902820	1.18645
chr4D	911190	914190	0.680879
chr5A	10000	13000	0.142036
chr5A	34870	37870	0.576138
chr5A	60208	63208	1.18128
chr5A	87943	90943	0.882816
chr5A	109457	112457	0.768364
chr5A	135039	138039	0.766598
chr5A	163530	166530	0.749341
chr5A	181260	184260	6.52226
chr5A	250822	253822	10.0275
chr5A	283040	286040	1.19967
chr5A	317143	320143	1.49618
chr5A	351250	354250	0.749659
chr5A	375080	378080	4.26119
chr5A	404600	407600	1.41967
chr5A	444393	447393	0.51654
chr5A	495585	498585	1.03704
chr5A	580883	583883	1.39281
chr5A	603620	606620	3.28154
chr5A	614990	617990	1.8335
chr5A	683423	686423	0.953966
chr5A	752550	755550	3.2646
chr5A	793065	796065	0.414946
chr5A	832857	835857	0.17202
chr5A	901167	904167	1.59187
chr5A	922006	925006	1.31454
chr5A	958460	961460	0.280015
chr5A	1027129	1030129	4.17593
chr5A	1049870	1052870	1.86358
chr5A	1118302	1121302	0.744831
chr5B	49825	52825	3.83272
chr5B	118255	121255	1.59415
chr5B	163765	166765	1.65369
chr5B	192190	195190	1.45515
chr5B	272420	275420	0.488026
chr5B	329480	332480	1.42892
chr5B	365216	368216	0.446813
chr5B	393426	396426	0.0931051
chr5B	409055	412055	0.60222
chr5B	434647	437647	0.758208
chr5B	465940	468940	1.24648
chr5B	500050	503050	1.55385
chr5B	519940	522940	0.574031
chr5B	545770	548770	4.31512
chr5B	648553	651553	1.7551
chr5B	691212	694212	5.2265
chr5B	716810	719810	1.09702
chr5B	796490	799490	2.97861
chr5B	819227	822227	0.385406
chr5B	839117	842117	1.78806
chr5B	881785	884785	0.658942
chr5B	932977	935977	0.169238
chr5B	960442	963442	0.865037
chr5B	978439	981439	0.601428
chr5B	1012547	1015547	1.64266
chr5B	1035290	1038290	7.77653
chr5B	1058022	1061022	1.09494
chr5B	1092128	1095128	0.341759
chr5B	1119600	1122600	2.60622
chr5B	1149066	1152066	1.94549
chr5B	1252980	1255980	1.36723
chr5B	1287120	1290120	0.422114
chr5B	1309858	1312858	3.15252
chr5B	1343968	1346968	2.32899
chr5B	1400812	1403812	2.55634
chr5B	1420700	1423700	4.8158
chr5B	1457648	1460648	3.87602
chr5B	1491770	1494770	3.1929
chr5B	1560040	1563040	2.23292
chr5D	10000	13000	1.14656
chr5D	38425	41425	0.522253
chr5D	66850	69850	2.81304
chr5D	95275	98275	0.33934
chr5D	112330	115330	2.03878
chr5D	123702	126702	1.37785
chr5D	146450	149450	1.11877
chr5D	174869	177869	0.871954
chr5D	208980	211980	1.44322
chr5D	250397	253397	1.27116
chr5D	279089	282089	1.78818
chr5D	304903	307903	0.180902
chr5D	334035	337035	0.350429
chr5D	362453	365453	0.671246
chr5D	419293	422293	2.05057
chr5D	444863	447863	0.892522
chr5D	464760	467760	3.21536
chr5D	476130	479130	1.88313
chr5D	506760	509760	1.50819
chr5D	528682	531682	1.43992
chr5D	613590	616590	0.428918
chr5D	636414	639414	1.1113
chr5D	661476	664476	0.86625
chr5D	727630	730630	3.0603
chr5D	761743	764743	1.43556
chr5D	790155	793155	2.55496
chr5D	818567	821567	4.62767
chr5D	838457	841457	2.30439
chr5D	864040	867040	2.7465
chr5D	886790	889790	2.00964
chr5D	909530	912530	4.57115
chr5D	920900	923900	7.15899
chr5D	932270	935270	1.54041
chr5D	989123	992123	0.714713
chr5D	1045964	1048964	0.829323
chr5D	1102794	1105794	0.512947
chr5D	1131213	1134213	1.33565
chr5D	1188070	1191070	2.66758
chr5D	1205120	1208120	8.04324
chr5D	1216495	1219495	1.53729
chr5D	1239236	1242236	3.5061
chr5D	1296090	1299090	0.834585
chr5D	1341596	1344596	1.0659
chr5D	1364330	1367330	2.88932
chr5D	1387072	1390072	5.46698
chr5D	1427420	1430420	1.50323
chr5D	1483800	1486800	1.77081
chr5D	1569156	1572156	2.92426
chr5D	1614633	1617633	6.33652
chr5D	1660140	1663140	1.99386
chr5D	1705652	1708652	2.63535
chr6A	10000	13000	2.96182
chr6A	44140	47140	2.75543
chr6A	112470	115470	1.52674
chr6A	267165	270165	4.02634
chr6A	306198	309198	1.06878
chr6A	326907	329907	0.423763
chr6A	386810	389810	0.707764
chr6A	456866	459866	0.191583
chr6A	482845	485845	0.961087
chr6A	500710	503710	2.58463
chr6A	512080	515080	0.0521715
chr6A	534820	537820	0.122796
chr6A	562110	565110	0.224683
chr6A	580305	583305	0.78549
chr6A	594527	597527	0.968659
chr6A	625820	628820	0.434638
chr6A	695676	698676	0.454291
chr6A	724264	727264	0.87558
chr6A	856080	859080	4.79446
chr6A	890193	893193	3.19548
chr6A	915763	918763	1.07984
chr6A	964115	967115	2.85431
chr6A	998225	1001225	3.97018
chr6B	22990	25990	2.77598
chr6B	66830	69830	3.70216
chr6B	100970	103970	2.42797
chr6B	181200	184200	3.60362
chr6B	215340	218340	1.33001
chr6B	255170	258170	2.41305
chr6B	363220	366220	1.02711
chr6B	385965	388965	3.28665
chr6B	420100	423100	1.73505
chr6B	431470	434470	1.47651
chr6B	455830	458830	0.640849
chr6B	481812	484812	0.0650972
chr6B	511037	514037	0.155156
chr6B	529981	532981	0.320608
chr6B	567880	570880	0.583972
chr6B	590620	593620	0.653561
chr6B	615254	618254	0.308835
chr6B	638933	641933	1.29213
chr6B	692967	695967	1.36625
chr6B	712857	715857	1.46064
chr6B	761206	764206	1.17376
chr6B	812400	815400	3.93073
chr6B	851244	854244	1.58273
chr6B	872080	875080	0.550488
chr6B	926185	929185	2.84511
chr6B	960295	963295	4.41834
chr6B	988720	991720	5.40217
chr6D	44107	47107	3.94449
chr6D	101050	104050	3.17591
chr6D	181027	184027	6.70372
chr6D	209444	212444	2.13035
chr6D	232175	235175	1.94824
chr6D	271967	274967	2.46948
chr6D	317480	320480	2.06329
chr6D	362983	365983	1.9661
chr6D	410351	413351	2.69308
chr6D	436875	439875	0.951993
chr6D	475719	478719	0.725356
chr6D	510771	513771	0.345752
chr6D	537295	540295	0.0820308
chr6D	565988	568988	0.550514
chr6D	595079	598079	0.392078
chr6D	622825	625825	0.984913
chr6D	751270	754270	0.875189
chr6D	830956	833956	0.696146
chr6D	858422	861422	2.00452
chr6D	876420	879420	0.805315
chr6D	950710	953710	5.42866
chr6D	1001902	1004902	1.95403
chr6D	1036010	1039010	3.49868
chr6D	1064436	1067436	6.77516
chr6D	1141150	1144150	4.30322
chr6D	1175262	1178262	1.52341
chr6D	1209368	1212368	3.28382
chr7A	15685	18685	2.25841
chr7A	61195	64195	0.93583
chr7A	114789	117789	2.76252
chr7A	228550	231550	1.87493
chr7A	251300	254300	2.67538
chr7A	330910	333910	2.05652
chr7A	353657	356657	2.65273
chr7A	376400	379400	1.26164
chr7A	412402	415402	1.55343
chr7A	501680	504680	2.64398
chr7A	581263	584263	1.74037
chr7A	610627	613627	0.146942
chr7A	639988	642988	0.345088
chr7A	668950	671950	0.132308
chr7A	695565	698565	0.198621
chr7A	734725	737725	0.696927
chr7A	776408	779408	1.23414
chr7A	840837	843837	0.443102
chr7A	872091	875091	1.08929
chr7A	922340	925340	7.35112
chr7A	956480	959480	1.79153
chr7A	984905	987905	1.25526
chr7A	1001960	1004960	2.86061
chr7A	1013330	1016330	2.31043
chr7A	1047444	1050444	1.12319
chr7A	1070180	1073180	1.23423
chr7A	1081560	1084560	4.4571
chr7A	1092930	1095930	1.82321
chr7A	1127035	1130035	1.52261
chr7A	1207010	1210010	0.76273
chr7A	1235433	1238433	1.80799
chr7A	1275260	1278260	1.10837
chr7A	1343518	1346518	2.42112
chr7A	1363405	1366405	2.29969
chr7B	21363	24363	1.54331
chr7B	135280	138280	3.3054
chr7B	158007	161007	1.72961
chr7B	209155	212155	1.92916
chr7B	260346	263346	1.32441
chr7B	318847	321847	0.198148
chr7B	339960	342960	6.22405
chr7B	408277	411277	0.36197
chr7B	465102	468102	0.62729
chr7B	494327	497327	1.51924
chr7B	520309	523309	0.162662
chr7B	567440	570440	0.409162
chr7B	590179	593179	0.99636
chr7B	617649	620649	2.9522
chr7B	658387	661387	0.581824
chr7B	717158	720158	0.771559
chr7B	792032	795032	0.733382
chr7B	823310	826310	0.548917
chr7B	875220	878220	0.51648
chr7B	933323	936323	0.662364
chr7B	961302	964302	1.1864
chr7B	985010	988010	0.948918
chr7B	1058980	1061980	0.990472
chr7B	1104560	1107560	2.29085
chr7B	1138672	1141672	2.03608
chr7B	1167088	1170088	0.825791
chr7B	1184140	1187140	6.43107
chr7B	1195510	1198510	4.84239
chr7D	15685	18685	2.2722
chr7D	38440	41440	8.39236
chr7D	61195	64195	1.73428
chr7D	100986	103986	3.74106
chr7D	123730	126730	1.33713
chr7D	135100	138100	3.42534
chr7D	146470	149470	0.83478
chr7D	180577	183577	2.00742
chr7D	200467	203467	3.44475
chr7D	254480	257480	0.437802
chr7D	347350	350350	1.11685
chr7D	393485	396485	1.03928
chr7D	421910	424910	0.628737
chr7D	458455	461455	1.90894
chr7D	512864	515864	17.3025
chr7D	529920	532920	1.13062
chr7D	546975	549975	7.05489
chr7D	570560	573560	0.972786
chr7D	628966	631966	1.40414
chr7D	695290	698290	0.486143
chr7D	740796	743796	0.350228
chr7D	767320	770320	0.509415
chr7D	791946	794946	0.46139
chr7D	821076	824076	0.653432
chr7D	850023	853023	0.171424
chr7D	867830	870830	0.603021
chr7D	905650	908650	0.389056
chr7D	939760	942760	0.24462
chr7D	979552	982552	0.550746
chr7D	1036630	1039630	1.0726
chr7D	1056770	1059770	2.96525
chr7D	1105124	1108124	1.46704
chr7D	1144916	1147916	6.37968
chr7D	1184710	1187710	1.91653
chr7D	1201766	1204766	1.09321
chr7D	1241558	1244558	1.66818
chr7D	1321564	1324564	1.71866
chr7D	1379079	1382079	2.1796
chr7D	1436662	1439662	1.3513
chr7D	1462232	1465232	1.00167
chr7D	1482130	1485130	2.56483
chr7D	1493505	1496505	2.65701
chr7D	1518140	1521140	2.09615
chr7D	1573086	1576086	1.21635
