chr1A	10000	13000	4.4226
chr1A	44150	47150	4.10717
chr1A	136080	139080	9.12258
chr1A	215859	218859	3.03502
chr1A	352774	355774	1.94877
chr1A	378348	381348	0.72083
chr1A	415300	418300	1.14273
chr1A	455120	458120	0.452239
chr1A	466495	469495	0.692486
chr1A	477867	480867	1.04658
chr1A	502504	505504	1.21399
chr1A	526183	529183	0.625913
chr1A	546080	549080	3.00417
chr1A	568817	571817	1.03068
chr1A	624019	627019	1.70593
chr1A	682516	685516	1.70918
chr1A	750759	753759	2.14556
chr1A	776333	779333	2.99245
chr1A	819000	822000	1.48063
chr1A	864550	867550	5.0422
chr1A	887360	890360	1.34633
chr1A	980240	983240	2.84676
chr1A	1060850	1063850	1.79572
chr1A	1106902	1109902	2.51121
chr1A	1135318	1138318	1.55992
chr1A	1158623	1161623	2.98412
chr1A	1176830	1179830	12.3096
chr1A	1188780	1191780	0.863882
chr1B	10000	13000	1.10874
chr1B	21370	24370	2.1349
chr1B	78253	81253	2.90419
chr1B	123760	126760	1.83483
chr1B	192013	195013	2.08414
chr1B	226119	229119	2.09597
chr1B	266893	269893	1.54461
chr1B	294370	297370	1.48674
chr1B	321842	324842	0.703262
chr1B	339840	342840	0.974529
chr1B	385428	388428	1.78835
chr1B	408480	411480	1.50161
chr1B	456000	459000	0.556159
chr1B	481844	484844	0.785334
chr1B	511214	514214	0.626184
chr1B	556690	559690	0.746081
chr1B	590800	593800	1.10594
chr1B	636306	639306	0.737384
chr1B	656205	659205	3.24765
chr1B	670420	673420	1.29445
chr1B	716000	719000	2.34028
chr1B	738740	741740	1.21942
chr1B	761480	764480	0.695843
chr1B	787053	790053	2.73595
chr1B	880895	883895	1.52655
chr1B	909316	912316	1.55353
chr1B	929207	932207	2.68303
chr1B	966190	969190	3.03751
chr1B	1006020	1009020	0.986521
chr1B	1023080	1026080	3.12354
chr1B	1068554	1071554	2.7553
chr1B	1088450	1091450	3.19138
chr1B	1125396	1128396	2.42112
chr1B	1148140	1151140	1.03553
chr1D	21363	24363	1.95729
chr1D	41257	44257	1.73854
chr1D	75225	78225	2.83509
chr1D	96607	99607	3.83098
chr1D	129370	132370	4.43636
chr1D	157790	160790	0.695299
chr1D	197620	200620	2.64955
chr1D	226050	229050	1.0753
chr1D	317030	320030	0.751659
chr1D	339820	342820	3.47256
chr1D	368295	371295	1.08884
chr1D	385349	388349	13.5298
chr1D	396719	399719	0.990094
chr1D	428315	431315	1.75681
chr1D	456575	459575	1.98437
chr1D	487673	490673	0.664319
chr1D	514668	517668	0.982055
chr1D	533140	536140	1.04306
chr1D	544510	547510	1.9154
chr1D	567247	570247	1.15764
chr1D	624094	627094	1.46114
chr1D	669573	672573	1.95313
chr1D	697985	700985	3.84486
chr1D	726397	729397	1.59812
chr1D	760504	763504	3.57974
chr1D	787784	790784	1.316
chr1D	817350	820350	1.29706
chr1D	851457	854457	4.98748
chr1D	871347	874347	5.67062
chr1D	902615	905615	2.25173
chr1D	948125	951125	2.51264
chr1D	982230	985230	2.0251
chr1D	999285	1002285	5.06421
chr1D	1010660	1013660	2.22087
chr1D	1044768	1047768	2.74907
chr1D	1136100	1139100	2.98475
chr1D	1158840	1161840	2.13153
chr1D	1181582	1184582	2.11409
chr1D	1210000	1213000	1.0186
chr1D	1238412	1241412	2.44388
chr1D	1283870	1286870	3.95421
chr1D	1306620	1309620	1.18959
chr1D	1369183	1372183	1.25668
chr2A	15685	18685	1.00748
chr2A	49790	52790	4.33617
chr2A	118219	121219	0.88031
chr2A	158050	161050	2.87221
chr2A	192190	195190	5.02073
chr2A	203565	206565	5.2654
chr2A	224022	227022	1.56719
chr2A	305990	308990	3.03349
chr2A	340093	343093	1.95022
chr2A	408407	411407	2.03157
chr2A	428297	431297	1.02398
chr2A	499750	502750	0.99022
chr2A	522486	525486	0.136367
chr2A	602340	605340	0.520903
chr2A	628332	631332	1.64406
chr2A	671440	674440	2.34236
chr2A	718050	721050	0.443887
chr2A	729935	732935	1.56554
chr2A	752346	755346	1.59732
chr2A	773077	776077	2.19697
chr2A	832866	835866	0.660312
chr2A	861282	864282	2.80806
chr2A	902966	905966	0.383338
chr2A	926076	929076	2.34362
chr2B	10000	13000	1.93794
chr2B	55580	58580	1.6549
chr2B	84005	87005	2.03546
chr2B	157943	160943	2.13589
chr2B	186355	189355	2.25805
chr2B	231830	234830	0.91335
chr2B	265940	268940	1.30829
chr2B	351596	354596	2.47013
chr2B	380010	383010	2.14337
chr2B	402740	405740	1.4275
chr2B	419795	422795	2.37927
chr2B	431170	434170	1.44388
chr2B	476750	479750	0.691025
chr2B	523880	526880	0.884121
chr2B	556360	559360	0.97792
chr2B	584784	587784	0.849238
chr2B	614015	617015	0.568271
chr2B	639725	642725	0.91751
chr2B	668145	671145	0.920788
chr2B	696024	699024	1.0427
chr2B	724985	727985	0.915282
chr2B	789515	792515	1.31973
chr2B	817940	820940	4.83571
chr2B	846365	849365	2.56782
chr2B	874790	877790	1.17862
chr2B	891860	894860	9.32145
chr2B	914615	917615	1.60216
chr2B	963229	966229	7.03774
chr2B	988543	991543	1.61798
chr2B	1056748	1059748	1.85996
chr2B	1076640	1079640	0.859686
chr2B	1125060	1128060	2.52979
chr2D	21367	24367	3.59758
chr2D	46938	49938	2.206
chr2D	83890	86890	2.20306
chr2D	112310	115310	1.65012
chr2D	146420	149420	1.73054
chr2D	157795	160795	3.71319
chr2D	169170	172170	2.52856
chr2D	213292	216292	4.47848
chr2D	257719	260719	5.28948
chr2D	286145	289145	2.04534
chr2D	312610	315610	4.35912
chr2D	354355	357355	1.38815
chr2D	411205	414205	2.64314
chr2D	456715	459715	0.378113
chr2D	496507	499507	0.970383
chr2D	541983	544983	0.661791
chr2D	564720	567720	1.72728
chr2D	576090	579090	1.8154
chr2D	610197	613197	1.15127
chr2D	639425	642425	0.957777
chr2D	667027	670027	0.662462
chr2D	686919	689919	1.04227
chr2D	701130	704130	0.638007
chr2D	725761	728761	1.47635
chr2D	753227	756227	1.007
chr2D	780693	783693	1.8635
chr2D	810057	813057	1.85911
chr2D	826160	829160	2.22845
chr2D	848900	851900	2.02486
chr3A	10000	13000	2.75523
chr3A	55580	58580	2.95415
chr3A	101160	104160	5.18847
chr3A	123910	126910	2.79804
chr3A	146650	149650	1.48589
chr3A	192160	195160	3.54822
chr3A	249050	252050	3.11811
chr3A	300675	303675	0.463633
chr3A	348046	351046	1.84403
chr3A	382511	385511	4.88063
chr3A	410260	413260	1.48917
chr3A	444370	447370	2.35326
chr3A	455740	458740	1.33256
chr3A	478477	481477	1.02816
chr3A	506903	509903	0.776421
chr3A	536950	539950	0.848519
chr3A	562798	565798	0.370645
chr3A	586485	589485	0.630238
chr3A	626310	629310	0.993515
chr3A	660423	663423	1.04547
chr3A	688835	691835	0.842656
chr3A	717247	720247	1.22638
chr3A	745685	748685	4.45603
chr3A	768435	771435	1.08567
chr3A	785490	788490	2.39647
chr3A	808229	811229	0.635206
chr3A	830973	833973	0.740848
chr3A	905090	908090	1.46043
chr3A	939195	942195	2.31282
chr3A	984705	987705	0.603016
chr3A	1076300	1079300	1.66885
chr3A	1127492	1130492	0.671254
chr3A	1155906	1158906	0.382275
chr3A	1172950	1175950	3.97774
chr3A	1207065	1210065	1.78053
chr3A	1226950	1229950	6.81996
chr3A	1252540	1255540	1.22451
chr3A	1366360	1369360	0.859539
chr3A	1400500	1403500	4.74298
chr3A	1440329	1443329	1.26578
chr3A	1537940	1540940	1.316
chr3A	1549310	1552310	13.9167
chr3A	1566366	1569366	3.21742
chr3A	1646346	1649346	2.84153
chr3A	1726313	1729313	2.92436
chr3B	15685	18685	2.02373
chr3B	84115	87115	3.32454
chr3B	123940	126940	0.808388
chr3B	197850	200850	1.6803
chr3B	237643	240643	2.52531
chr3B	271750	274750	2.19431
chr3B	328820	331820	2.51584
chr3B	340190	343190	4.33306
chr3B	379985	382985	0.949122
chr3B	408410	411410	1.3676
chr3B	435880	438880	0.877581
chr3B	467144	470144	0.799056
chr3B	492719	495719	0.436789
chr3B	523984	526984	0.665183
chr3B	550505	553505	0.778622
chr3B	578916	581916	0.720598
chr3B	598815	601815	1.44904
chr3B	624393	627393	0.664628
chr3B	676527	679527	1.58131
chr3B	703997	706997	0.40071
chr3B	760873	763873	2.23011
chr3B	794980	797980	0.769712
chr3B	824865	827865	0.778925
chr3B	926027	929027	1.98797
chr3B	945917	948917	2.02978
chr3B	1058250	1061250	1.53164
chr3B	1121062	1124062	2.28026
chr3B	1149478	1152478	2.07845
chr3B	1166530	1169530	2.14203
chr3B	1183600	1186600	42.7881
chr3B	1200670	1203670	1.1015
chr3B	1212040	1215040	2.72354
chr3B	1229093	1232093	2.75253
chr3D	15685	18685	3.59472
chr3D	55476	58476	2.50814
chr3D	81322	84322	3.27073
chr3D	125132	128132	2.65517
chr3D	153545	156545	1.93676
chr3D	170590	173590	4.522
chr3D	193340	196340	3.55779
chr3D	216080	219080	10.8185
chr3D	227450	230450	3.41335
chr3D	238820	241820	2.82723
chr3D	319050	322050	1.49085
chr3D	375996	378996	1.61799
chr3D	404410	407410	0.888072
chr3D	432823	435823	1.03823
chr3D	458402	461402	1.39718
chr3D	506830	509830	11.4999
chr3D	546730	549730	0.562033
chr3D	575155	578155	1.11742
chr3D	592210	595210	8.92877
chr3D	603580	606580	1.0684
chr3D	637686	640686	0.907394
chr3D	677480	680480	1.21948
chr3D	707527	710527	1.5751
chr3D	725797	728797	2.52596
chr3D	740010	743010	1.52819
chr3D	751380	754380	0.677619
chr3D	774119	777119	1.69045
chr3D	802536	805536	1.71218
chr3D	830953	833953	0.694618
chr3D	853690	856690	5.66011
chr3D	867910	870910	1.354
chr3D	899200	902200	0.559147
chr3D	939030	942030	2.0119
chr3D	990223	993223	3.19323
chr3D	1024330	1027330	1.77573
chr3D	1058438	1061438	3.10447
chr3D	1078330	1081330	1.12479
chr3D	1115290	1118290	3.94426
chr3D	1138022	1141022	2.17955
chr3D	1163595	1166595	1.91036
chr3D	1197710	1200710	3.92299
chr3D	1229010	1232010	2.54329
chr3D	1263114	1266114	1.50999
chr4A	10000	13000	1.36401
chr4A	49830	52830	5.82656
chr4A	163840	166840	1.43569
chr4A	197950	200950	0.384451
chr4A	243460	246460	2.25768
chr4A	309400	312400	0.744081
chr4A	369733	372733	3.01533
chr4A	449410	452410	1.93079
chr4A	489219	492219	0.927741
chr4A	554717	557717	0.644926
chr4A	586010	589010	0.731534
chr4A	605922	608922	2.20312
chr4A	633140	636140	0.425317
chr4A	655388	658388	2.45439
chr4A	745590	748590	2.24969
chr4A	774951	777951	2.2727
chr4A	825163	828163	1.59769
chr4A	845050	848050	1.31715
chr4A	927867	930867	2.39902
chr4A	973610	976610	2.34562
chr4A	1014353	1017353	2.34279
chr4A	1070593	1073593	1.95297
chr4A	1121788	1124788	1.26622
chr4A	1142626	1145626	0.319397
chr4A	1212738	1215738	0.675836
chr4A	1232625	1235625	1.0824
chr4A	1269575	1272575	2.74746
chr4A	1349160	1352160	2.39609
chr4A	1377583	1380583	1.83992
chr4A	1411693	1414693	2.63829
chr4A	1479943	1482943	1.80935
chr4A	1531210	1534210	2.65293
chr4B	15685	18685	3.31146
chr4B	78430	81430	0.425911
chr4B	138370	141370	3.75319
chr4B	161110	164110	6.01469
chr4B	200935	203935	1.32943
chr4B	263510	266510	1.06553
chr4B	331757	334757	1.01545
chr4B	357332	360332	4.58966
chr4B	400000	403000	1.73362
chr4B	434140	437140	4.04937
chr4B	468253	471253	0.143985
chr4B	513760	516760	0.442885
chr4B	525130	528130	1.4367
chr4B	539352	542352	0.615343
chr4B	564950	567950	0.553061
chr4B	592569	595569	0.537336
chr4B	618962	621962	1.25447
chr4B	674891	677891	0.892331
chr4B	692887	695887	2.18453
chr4B	724155	727155	2.47482
chr4B	765841	768841	0.74843
chr4B	783837	786837	1.8058
chr4B	832260	835260	2.35293
chr4B	843630	846630	12.8422
chr4B	860685	863685	1.10495
chr4B	906195	909195	6.71951
chr4B	940300	943300	2.03933
chr4B	988794	991794	8.74499
chr4B	1014227	1017227	1.05486
chr4B	1034115	1037115	0.580653
chr4D	15685	18685	4.53155
chr4D	61195	64195	3.40295
chr4D	180740	183740	1.08172
chr4D	237810	240810	3.23753
chr4D	318030	321030	1.92591
chr4D	363620	366620	5.44372
chr4D	398000	401000	2.13032
chr4D	449515	452515	1.35374
chr4D	477939	480939	1.44794
chr4D	489310	492310	2.27268
chr4D	500680	503680	0.941868
chr4D	546193	549193	0.541996
chr4D	574630	577630	1.34733
chr4D	604961	607961	1.13359
chr4D	622957	625957	1.05412
chr4D	682746	685746	1.25619
chr4D	705490	708490	1.10542
chr4D	797420	800420	3.17554
chr4D	854310	857310	1.91367
chr4D	888450	891450	3.12532
chr4D	899820	902820	1.18645
chr4D	911190	914190	1.36176
chr5A	10000	13000	0.402435
chr5A	34870	37870	1.00824
chr5A	60208	63208	2.10005
chr5A	87943	90943	1.27518
chr5A	109457	112457	0.461019
chr5A	135039	138039	0.985626
chr5A	163530	166530	0.49956
chr5A	181260	184260	2.17409
chr5A	250822	253822	2.67401
chr5A	283040	286040	1.19967
chr5A	317143	320143	1.49618
chr5A	351250	354250	0.749659
chr5A	375080	378080	10.653
chr5A	444393	447393	0.51654
chr5A	472830	475830	4.998
chr5A	495585	498585	1.20988
chr5A	512640	515640	20.4796
chr5A	529690	532690	2.77635
chr5A	580883	583883	2.78563
chr5A	603620	606620	2.46115
chr5A	614990	617990	2.24094
chr5A	683423	686423	1.43095
chr5A	752550	755550	1.0882
chr5A	793065	796065	1.24484
chr5A	832857	835857	3.09636
chr5A	901167	904167	1.59187
chr5A	922006	925006	0.985902
chr5A	958460	961460	0.280015
chr5A	979680	982680	0.755019
chr5A	1027129	1030129	4.17593
chr5A	1049870	1052870	1.16474
chr5A	1118302	1121302	2.23449
chr5B	10000	13000	0.692351
chr5B	49825	52825	1.64259
chr5B	163765	166765	2.48053
chr5B	192190	195190	1.45515
chr5B	272420	275420	1.22007
chr5B	329480	332480	1.42892
chr5B	365216	368216	0.781922
chr5B	393426	396426	0.609415
chr5B	409055	412055	1.0037
chr5B	420424	423424	2.72027
chr5B	434647	437647	1.04254
chr5B	465940	468940	1.41645
chr5B	500050	503050	1.55385
chr5B	519940	522940	0.669703
chr5B	591610	594610	1.46471
chr5B	648553	651553	1.86833
chr5B	716810	719810	2.19404
chr5B	773753	776753	1.95198
chr5B	796490	799490	2.97861
chr5B	819227	822227	1.02775
chr5B	839117	842117	2.86089
chr5B	881785	884785	0.329471
chr5B	932977	935977	1.3539
chr5B	960442	963442	2.59511
chr5B	978439	981439	1.20286
chr5B	1012547	1015547	1.64266
chr5B	1058022	1061022	0.938521
chr5B	1092128	1095128	1.19616
chr5B	1119600	1122600	1.11695
chr5B	1149066	1152066	2.14004
chr5B	1252980	1255980	0.911486
chr5B	1287120	1290120	1.26634
chr5B	1309858	1312858	2.75846
chr5B	1343968	1346968	5.24024
chr5B	1400812	1403812	1.39437
chr5B	1420700	1423700	3.74562
chr5B	1457648	1460648	2.54364
chr5B	1480389	1483389	20.9888
chr5B	1491770	1494770	3.1929
chr5B	1531613	1534613	2.28945
chr5B	1560040	1563040	0.558229
chr5D	10000	13000	3.82186
chr5D	38425	41425	0.522253
chr5D	66850	69850	1.40652
chr5D	95275	98275	1.18769
chr5D	123702	126702	1.37785
chr5D	146450	149450	0.559383
chr5D	208980	211980	0.481075
chr5D	250397	253397	0.762699
chr5D	279089	282089	0.993435
chr5D	304903	307903	0.528235
chr5D	334035	337035	1.12916
chr5D	362453	365453	0.820412
chr5D	388027	391027	0.391492
chr5D	419293	422293	1.59489
chr5D	444863	447863	2.38006
chr5D	476130	479130	1.25542
chr5D	487500	490500	5.53531
chr5D	506760	509760	1.50819
chr5D	528682	531682	0.959949
chr5D	613590	616590	1.50121
chr5D	636414	639414	1.85217
chr5D	661476	664476	1.01062
chr5D	727630	730630	1.0201
chr5D	761743	764743	0.71778
chr5D	790155	793155	4.74492
chr5D	818567	821567	4.62767
chr5D	838457	841457	3.29199
chr5D	909530	912530	3.80929
chr5D	920900	923900	10.7385
chr5D	932270	935270	1.54041
chr5D	955010	958010	5.41902
chr5D	966384	969384	10.2373
chr5D	989123	992123	1.78678
chr5D	1009010	1012010	0.699599
chr5D	1045964	1048964	0.829323
chr5D	1074378	1077378	0.534977
chr5D	1102794	1105794	2.05179
chr5D	1131213	1134213	5.0087
chr5D	1188070	1191070	0.444597
chr5D	1216495	1219495	3.07458
chr5D	1239236	1242236	1.75305
chr5D	1273350	1276350	2.04492
chr5D	1296090	1299090	0.834585
chr5D	1341596	1344596	2.48711
chr5D	1387072	1390072	0.546698
chr5D	1409810	1412810	12.0709
chr5D	1427420	1430420	4.5097
chr5D	1483800	1486800	1.06248
chr5D	1569156	1572156	3.75977
chr5D	1614633	1617633	1.86368
chr5D	1660140	1663140	0.996929
chr5D	1705652	1708652	2.53775
chr6A	10000	13000	0.592364
chr6A	44140	47140	2.06657
chr6A	89720	92720	3.09148
chr6A	112470	115470	0.508914
chr6A	204400	207400	1.16182
chr6A	267165	270165	2.26482
chr6A	306198	309198	2.13756
chr6A	326907	329907	1.05941
chr6A	386810	389810	0.707764
chr6A	456866	459866	0.766331
chr6A	482845	485845	0.961087
chr6A	500710	503710	1.29232
chr6A	512080	515080	0.355715
chr6A	534820	537820	0.532116
chr6A	562110	565110	1.03354
chr6A	580305	583305	0.78549
chr6A	594527	597527	0.48433
chr6A	625820	628820	0.869277
chr6A	672260	675260	2.38241
chr6A	695676	698676	1.81717
chr6A	724264	727264	0.87558
chr6A	775840	778840	6.42401
chr6A	890193	893193	1.42021
chr6A	915763	918763	3.23952
chr6A	964115	967115	2.19562
chr6A	981170	984170	16.763
chr6A	998225	1001225	2.29852
chr6B	22990	25990	2.22078
chr6B	100970	103970	2.42797
chr6B	181200	184200	0.720723
chr6B	215340	218340	1.33001
chr6B	255170	258170	1.80979
chr6B	283600	286600	0.650072
chr6B	363220	366220	1.02711
chr6B	385965	388965	3.28665
chr6B	403030	406030	5.95578
chr6B	420100	423100	2.08207
chr6B	431470	434470	1.47651
chr6B	455830	458830	0.985921
chr6B	481812	484812	0.571925
chr6B	511037	514037	0.416982
chr6B	529981	532981	1.60304
chr6B	567880	570880	1.75192
chr6B	590620	593620	1.14373
chr6B	615254	618254	0.926504
chr6B	638933	641933	0.646063
chr6B	692967	695967	1.56143
chr6B	712857	715857	0.486879
chr6B	761206	764206	3.52127
chr6B	812400	815400	2.62048
chr6B	851244	854244	1.89928
chr6B	926185	929185	0.474185
chr6B	960295	963295	3.68195
chr6B	988720	991720	3.60145
chr6D	21370	24370	15.507
chr6D	44107	47107	5.12784
chr6D	101050	104050	1.58796
chr6D	181027	184027	3.07254
chr6D	209444	212444	1.59776
chr6D	232175	235175	1.94824
chr6D	271967	274967	1.48169
chr6D	317480	320480	2.06329
chr6D	362983	365983	3.08959
chr6D	385720	388720	7.65082
chr6D	410351	413351	2.9379
chr6D	436875	439875	2.09438
chr6D	453930	456930	1.21105
chr6D	475719	478719	1.6119
chr6D	510771	513771	1.4324
chr6D	537295	540295	0.656247
chr6D	565988	568988	1.14035
chr6D	595079	598079	0.784155
chr6D	622825	625825	0.78793
chr6D	671610	674610	14.5131
chr6D	711440	714440	0.911556
chr6D	751270	754270	1.75038
chr6D	796850	799850	6.86931
chr6D	858422	861422	1.00226
chr6D	876420	879420	2.41595
chr6D	950710	953710	2.55466
chr6D	1001902	1004902	2.60537
chr6D	1064436	1067436	1.12919
chr6D	1128736	1131736	8.3395
chr6D	1152520	1155520	6.62133
chr6D	1175262	1178262	3.42766
chr6D	1209368	1212368	3.53642
chr7A	15685	18685	2.25841
chr7A	61195	64195	4.67915
chr7A	160303	163303	0.740382
chr7A	194410	197410	5.05433
chr7A	228550	231550	0.374985
chr7A	251300	254300	5.35077
chr7A	285403	288403	1.27755
chr7A	313840	316840	11.9906
chr7A	330910	333910	2.39928
chr7A	342284	345284	1.61474
chr7A	353657	356657	0.884244
chr7A	376400	379400	0.756987
chr7A	387770	390770	11.8814
chr7A	412402	415402	3.10686
chr7A	444620	447620	1.93699
chr7A	501680	504680	1.32199
chr7A	535790	538790	1.37511
chr7A	581263	584263	2.05681
chr7A	610627	613627	0.587769
chr7A	639988	642988	0.831348
chr7A	668950	671950	0.469091
chr7A	695565	698565	0.931989
chr7A	714827	717827	0.490237
chr7A	734725	737725	1.19473
chr7A	776408	779408	1.85121
chr7A	808620	811620	0.852944
chr7A	840837	843837	1.32931
chr7A	872091	875091	2.72324
chr7A	888190	891190	2.68879
chr7A	922340	925340	4.90075
chr7A	956480	959480	1.79153
chr7A	967850	970850	48.0238
chr7A	984905	987905	1.25526
chr7A	1013330	1016330	2.31043
chr7A	1047444	1050444	2.24638
chr7A	1070180	1073180	0.925675
chr7A	1081560	1084560	4.4571
chr7A	1092930	1095930	3.28178
chr7A	1127035	1130035	1.21809
chr7A	1207010	1210010	1.52546
chr7A	1235433	1238433	2.41066
chr7A	1275260	1278260	3.32511
chr7A	1298009	1301009	11.1418
chr7A	1343518	1346518	0.907922
chr7A	1363405	1366405	3.44954
chr7B	21363	24363	1.02888
chr7B	89789	92789	5.03591
chr7B	112530	115530	1.89656
chr7B	158007	161007	0.864805
chr7B	186423	189423	1.04537
chr7B	209155	212155	0.643054
chr7B	260346	263346	2.31771
chr7B	318847	321847	1.38703
chr7B	408277	411277	0.72394
chr7B	437637	440637	0.640824
chr7B	465102	468102	0.972299
chr7B	494327	497327	0.379811
chr7B	520309	523309	0.537364
chr7B	567440	570440	0.454624
chr7B	590179	593179	0.33212
chr7B	617649	620649	0.738051
chr7B	658387	661387	1.32527
chr7B	717158	720158	1.69743
chr7B	792032	795032	2.20015
chr7B	823310	826310	1.09783
chr7B	875220	878220	0.25824
chr7B	933323	936323	1.98709
chr7B	961302	964302	2.13552
chr7B	985010	988010	1.51827
chr7B	1024840	1027840	0.833368
chr7B	1058980	1061980	0.990472
chr7B	1104560	1107560	1.14543
chr7B	1138672	1141672	1.38453
chr7B	1167088	1170088	1.65158
chr7B	1184140	1187140	12.8621
chr7B	1195510	1198510	1.61413
chr7D	15685	18685	3.49569
chr7D	61195	64195	0.346856
chr7D	100986	103986	2.99285
chr7D	123730	126730	2.67426
chr7D	135100	138100	2.28356
chr7D	146470	149470	0.83478
chr7D	180577	183577	3.01113
chr7D	200467	203467	3.44475
chr7D	254480	257480	2.62681
chr7D	282900	285900	3.71198
chr7D	347350	350350	0.670111
chr7D	367575	370575	7.88227
chr7D	393485	396485	2.07856
chr7D	410540	413540	14.0109
chr7D	421910	424910	1.25747
chr7D	458455	461455	1.90894
chr7D	475910	478910	0.675183
chr7D	501490	504490	22.7185
chr7D	512864	515864	17.3025
chr7D	529920	532920	1.41328
chr7D	546975	549975	2.35163
chr7D	570560	573560	2.91836
chr7D	628966	631966	0.351036
chr7D	652080	655080	3.09138
chr7D	672550	675550	3.14242
chr7D	695290	698290	0.972285
chr7D	740796	743796	1.92625
chr7D	767320	770320	1.33721
chr7D	791946	794946	0.230695
chr7D	821076	824076	0.950446
chr7D	850023	853023	0.606934
chr7D	867830	870830	0.844229
chr7D	880560	883560	2.33995
chr7D	905650	908650	0.778112
chr7D	922705	925705	23.6818
chr7D	939760	942760	1.2231
chr7D	979552	982552	1.37686
chr7D	1007965	1010965	1.74507
chr7D	1036630	1039630	1.0726
chr7D	1056770	1059770	5.93049
chr7D	1105124	1108124	1.30403
chr7D	1173340	1176340	2.9617
chr7D	1201766	1204766	0.81991
chr7D	1241558	1244558	1.11212
chr7D	1267205	1270205	1.89687
chr7D	1321564	1324564	1.96418
chr7D	1341450	1344450	2.78234
chr7D	1379079	1382079	2.1796
chr7D	1436662	1439662	1.3513
chr7D	1462232	1465232	5.00834
chr7D	1482130	1485130	5.12967
chr7D	1493505	1496505	2.4356
chr7D	1518140	1521140	2.44551
chr7D	1573086	1576086	1.70289
