chr1A	10000	13000	6
chr1A	1060850	1063850	1
chr1A	1106902	1109902	15
chr1A	1135318	1138318	15
chr1A	1158623	1161623	10
chr1A	1176830	1179830	2
chr1A	1188780	1191780	2
chr1A	136080	139080	10
chr1A	215859	218859	8
chr1A	324350	327350	1
chr1A	44150	47150	3
chr1A	352774	355774	21
chr1A	378348	381348	9
chr1A	415300	418300	13
chr1A	455120	458120	103
chr1A	466495	469495	19
chr1A	477867	480867	10
chr1A	502504	505504	18
chr1A	526183	529183	4
chr1A	568817	571817	11
chr1A	624019	627019	8
chr1A	682516	685516	11
chr1A	750759	753759	11
chr1A	776333	779333	13
chr1A	819000	822000	5
chr1A	864550	867550	1
chr1A	887360	890360	9
chr1A	980240	983240	6
chr1B	10000	13000	1
chr1B	1023080	1026080	2
chr1B	1068554	1071554	10
chr1B	1102660	1105660	1
chr1B	1125396	1128396	17
chr1B	21370	24370	2
chr1B	123760	126760	3
chr1B	1148140	1151140	10
chr1B	146500	149500	2
chr1B	192013	195013	10
chr1B	226119	229119	5
chr1B	266893	269893	11
chr1B	294370	297370	8
chr1B	321842	324842	5
chr1B	339840	342840	2
chr1B	385428	388428	16
chr1B	408480	411480	1
chr1B	456000	459000	166
chr1B	481844	484844	60
chr1B	511214	514214	7
chr1B	556690	559690	13
chr1B	590800	593800	10
chr1B	636306	639306	4
chr1B	656205	659205	1
chr1B	670420	673420	31
chr1B	78253	81253	21
chr1B	716000	719000	6
chr1B	738740	741740	2
chr1B	761480	764480	14
chr1B	787053	790053	4
chr1B	818319	821319	1
chr1B	841070	844070	1
chr1B	880895	883895	11
chr1B	909316	912316	2
chr1B	929207	932207	4
chr1B	103847	106847	1
chr1B	966190	969190	5
chr1B	1006020	1009020	9
chr1D	1010660	1013660	3
chr1D	1022030	1025030	1
chr1D	1044768	1047768	9
chr1D	1107606	1110606	2
chr1D	1136100	1139100	4
chr1D	21363	24363	14
chr1D	1158840	1161840	1
chr1D	1181582	1184582	3
chr1D	129370	132370	8
chr1D	1210000	1213000	3
chr1D	1238412	1241412	9
chr1D	1266826	1269826	1
chr1D	1283870	1286870	1
chr1D	1306620	1309620	2
chr1D	1369183	1372183	8
chr1D	157790	160790	2
chr1D	197620	200620	7
chr1D	226050	229050	3
chr1D	317030	320030	2
chr1D	41257	44257	1
chr1D	339820	342820	1
chr1D	368295	371295	5
chr1D	396719	399719	5
chr1D	428315	431315	4
chr1D	456575	459575	5
chr1D	487673	490673	112
chr1D	514668	517668	4
chr1D	533140	536140	6
chr1D	544510	547510	2
chr1D	567247	570247	32
chr1D	601350	604350	1
chr1D	624094	627094	10
chr1D	75225	78225	1
chr1D	669573	672573	18
chr1D	697985	700985	4
chr1D	726397	729397	10
chr1D	760504	763504	5
chr1D	787784	790784	3
chr1D	817350	820350	3
chr1D	851457	854457	7
chr1D	871347	874347	2
chr1D	96607	99607	9
chr1D	902615	905615	12
chr1D	948125	951125	6
chr1D	982230	985230	3
chr2A	15685	18685	3
chr2A	118219	121219	9
chr2A	158050	161050	11
chr2A	192190	195190	11
chr2A	203565	206565	1
chr2A	224022	227022	4
chr2A	305990	308990	3
chr2A	340093	343093	5
chr2A	49790	52790	10
chr2A	408407	411407	9
chr2A	428297	431297	5
chr2A	499750	502750	7
chr2A	522486	525486	10
chr2A	602340	605340	237
chr2A	628332	631332	3
chr2A	671440	674440	5
chr2A	694745	697745	1
chr2A	718050	721050	2
chr2A	729935	732935	2
chr2A	752346	755346	43
chr2A	773077	776077	12
chr2A	832866	835866	8
chr2A	861282	864282	8
chr2A	902966	905966	8
chr2A	926076	929076	71
chr2B	10000	13000	18
chr2B	1016961	1019961	1
chr2B	1056748	1059748	17
chr2B	1076640	1079640	4
chr2B	1125060	1128060	4
chr2B	129505	132505	1
chr2B	157943	160943	12
chr2B	186355	189355	9
chr2B	203400	206400	2
chr2B	231830	234830	4
chr2B	265940	268940	9
chr2B	351596	354596	27
chr2B	380010	383010	6
chr2B	402740	405740	17
chr2B	419795	422795	3
chr2B	431170	434170	6
chr2B	55580	58580	2
chr2B	476750	479750	2
chr2B	523880	526880	20
chr2B	556360	559360	48
chr2B	584784	587784	22
chr2B	614015	617015	160
chr2B	639725	642725	14
chr2B	668145	671145	29
chr2B	696024	699024	7
chr2B	724985	727985	42
chr2B	84005	87005	18
chr2B	789515	792515	15
chr2B	846365	849365	3
chr2B	874790	877790	11
chr2B	891860	894860	1
chr2B	914615	917615	4
chr2B	934790	937790	1
chr2B	963229	966229	1
chr2B	988543	991543	29
chr2D	112310	115310	11
chr2D	21367	24367	24
chr2D	132207	135207	1
chr2D	146420	149420	4
chr2D	157795	160795	2
chr2D	169170	172170	8
chr2D	213292	216292	5
chr2D	257719	260719	9
chr2D	286145	289145	10
chr2D	312610	315610	4
chr2D	354355	357355	7
chr2D	46938	49938	7
chr2D	382780	385780	1
chr2D	411205	414205	6
chr2D	456715	459715	6
chr2D	496507	499507	15
chr2D	541983	544983	2
chr2D	564720	567720	1
chr2D	576090	579090	5
chr2D	610197	613197	22
chr2D	639425	642425	35
chr2D	667027	670027	117
chr2D	686919	689919	16
chr2D	701130	704130	3
chr2D	725761	728761	40
chr2D	83890	86890	10
chr2D	753227	756227	7
chr2D	780693	783693	12
chr2D	810057	813057	15
chr2D	826160	829160	16
chr2D	848900	851900	55
chr3A	10000	13000	4
chr3A	1076300	1079300	10
chr3A	1127492	1130492	14
chr3A	123910	126910	3
chr3A	1155906	1158906	3
chr3A	1207065	1210065	13
chr3A	1226950	1229950	2
chr3A	1252540	1255540	2
chr3A	1329370	1332370	2
chr3A	1366360	1369360	4
chr3A	146650	149650	14
chr3A	1383430	1386430	1
chr3A	1400500	1403500	7
chr3A	1440329	1443329	7
chr3A	1537940	1540940	6
chr3A	1549310	1552310	1
chr3A	1566366	1569366	14
chr3A	1646346	1649346	4
chr3A	1726313	1729313	12
chr3A	192160	195160	8
chr3A	214899	217899	1
chr3A	249050	252050	11
chr3A	300675	303675	2
chr3A	348046	351046	11
chr3A	382511	385511	5
chr3A	410260	413260	9
chr3A	444370	447370	10
chr3A	455740	458740	1
chr3A	55580	58580	4
chr3A	478477	481477	8
chr3A	506903	509903	13
chr3A	536950	539950	21
chr3A	562798	565798	72
chr3A	586485	589485	40
chr3A	626310	629310	8
chr3A	660423	663423	8
chr3A	688835	691835	4
chr3A	717247	720247	12
chr3A	745685	748685	3
chr3A	768435	771435	4
chr3A	785490	788490	8
chr3A	808229	811229	3
chr3A	830973	833973	6
chr3A	905090	908090	7
chr3A	101160	104160	7
chr3A	939195	942195	5
chr3A	984705	987705	3
chr3B	15685	18685	7
chr3B	1058250	1061250	20
chr3B	1121062	1124062	26
chr3B	123940	126940	3
chr3B	1149478	1152478	8
chr3B	1166530	1169530	4
chr3B	1183600	1186600	1
chr3B	1200670	1203670	2
chr3B	1212040	1215040	1
chr3B	1229093	1232093	19
chr3B	169429	172429	1
chr3B	197850	200850	20
chr3B	237643	240643	17
chr3B	271750	274750	7
chr3B	328820	331820	18
chr3B	340190	343190	1
chr3B	379985	382985	2
chr3B	408410	411410	9
chr3B	435880	438880	14
chr3B	467144	470144	61
chr3B	492719	495719	78
chr3B	523984	526984	34
chr3B	550505	553505	14
chr3B	578916	581916	41
chr3B	598815	601815	17
chr3B	624393	627393	49
chr3B	676527	679527	8
chr3B	703997	706997	4
chr3B	84115	87115	23
chr3B	760873	763873	24
chr3B	794980	797980	5
chr3B	806350	809350	2
chr3B	824865	827865	4
chr3B	926027	929027	7
chr3B	945917	948917	4
chr3D	15685	18685	24
chr3D	1024330	1027330	1
chr3D	1058438	1061438	10
chr3D	1103910	1106910	1
chr3D	1115290	1118290	1
chr3D	1138022	1141022	11
chr3D	125132	128132	18
chr3D	1163595	1166595	5
chr3D	1197710	1200710	6
chr3D	1229010	1232010	19
chr3D	1263114	1266114	10
chr3D	153545	156545	5
chr3D	170590	173590	3
chr3D	193340	196340	2
chr3D	216080	219080	1
chr3D	227450	230450	4
chr3D	238820	241820	3
chr3D	319050	322050	8
chr3D	375996	378996	10
chr3D	404410	407410	4
chr3D	432823	435823	8
chr3D	458402	461402	7
chr3D	55476	58476	10
chr3D	506830	509830	2
chr3D	546730	549730	163
chr3D	575155	578155	17
chr3D	592210	595210	3
chr3D	603580	606580	6
chr3D	637686	640686	13
chr3D	677480	680480	22
chr3D	707527	710527	8
chr3D	81322	84322	1
chr3D	725797	728797	10
chr3D	740010	743010	2
chr3D	751380	754380	9
chr3D	774119	777119	11
chr3D	802536	805536	3
chr3D	830953	833953	14
chr3D	853690	856690	2
chr3D	867910	870910	1
chr3D	899200	902200	2
chr3D	939030	942030	30
chr3D	964625	967625	2
chr3D	990223	993223	14
chr4A	10000	13000	1
chr4A	1014353	1017353	7
chr4A	1070593	1073593	10
chr4A	1121788	1124788	97
chr4A	1142626	1145626	6
chr4A	1172943	1175943	3
chr4A	1212738	1215738	7
chr4A	1232625	1235625	3
chr4A	1269575	1272575	8
chr4A	1315052	1318052	5
chr4A	1349160	1352160	4
chr4A	1377583	1380583	9
chr4A	1411693	1414693	6
chr4A	1479943	1482943	23
chr4A	1531210	1534210	12
chr4A	163840	166840	5
chr4A	197950	200950	1
chr4A	243460	246460	2
chr4A	309400	312400	1
chr4A	369733	372733	3
chr4A	395303	398303	3
chr4A	49830	52830	3
chr4A	449410	452410	7
chr4A	489219	492219	2
chr4A	529120	532120	1
chr4A	554717	557717	2
chr4A	586010	589010	34
chr4A	605922	608922	1
chr4A	633140	636140	138
chr4A	655388	658388	6
chr4A	745590	748590	5
chr4A	774951	777951	10
chr4A	791050	794050	1
chr4A	825163	828163	3
chr4A	845050	848050	4
chr4A	101090	104090	1
chr4A	927867	930867	5
chr4A	973610	976610	4
chr4B	15685	18685	7
chr4B	1014227	1017227	5
chr4B	1034115	1037115	4
chr4B	138370	141370	3
chr4B	161110	164110	2
chr4B	200935	203935	3
chr4B	263510	266510	2
chr4B	331757	334757	1
chr4B	357332	360332	15
chr4B	400000	403000	4
chr4B	434140	437140	1
chr4B	468253	471253	3
chr4B	513760	516760	121
chr4B	525130	528130	1
chr4B	539352	542352	5
chr4B	564950	567950	17
chr4B	592569	595569	32
chr4B	618962	621962	52
chr4B	674891	677891	15
chr4B	692887	695887	4
chr4B	78430	81430	5
chr4B	724155	727155	8
chr4B	765841	768841	3
chr4B	783837	786837	7
chr4B	832260	835260	1
chr4B	843630	846630	1
chr4B	860685	863685	7
chr4B	906195	909195	6
chr4B	940300	943300	4
chr4B	974730	977730	1
chr4B	988794	991794	8
chr4D	15685	18685	17
chr4D	135160	138160	1
chr4D	180740	183740	3
chr4D	237810	240810	3
chr4D	318030	321030	1
chr4D	363620	366620	2
chr4D	398000	401000	7
chr4D	420915	423915	1
chr4D	449515	452515	6
chr4D	477939	480939	7
chr4D	489310	492310	1
chr4D	500680	503680	3
chr4D	61195	64195	2
chr4D	546193	549193	167
chr4D	604961	607961	14
chr4D	622957	625957	1
chr4D	682746	685746	12
chr4D	705490	708490	6
chr4D	797420	800420	9
chr4D	831560	834560	3
chr4D	854310	857310	14
chr4D	888450	891450	3
chr4D	911190	914190	1
chr5A	10000	13000	34
chr5A	1027129	1030129	5
chr5A	1049870	1052870	11
chr5A	1118302	1121302	27
chr5A	135039	138039	14
chr5A	163530	166530	4
chr5A	181260	184260	1
chr5A	250822	253822	9
chr5A	34870	37870	7
chr5A	283040	286040	7
chr5A	317143	320143	14
chr5A	351250	354250	1
chr5A	375080	378080	5
chr5A	387000	390000	1
chr5A	404600	407600	1
chr5A	444393	447393	9
chr5A	472830	475830	1
chr5A	495585	498585	9
chr5A	60208	63208	29
chr5A	529690	532690	4
chr5A	580883	583883	35
chr5A	603620	606620	3
chr5A	614990	617990	17
chr5A	683423	686423	12
chr5A	752550	755550	9
chr5A	87943	90943	35
chr5A	793065	796065	6
chr5A	832857	835857	16
chr5A	901167	904167	12
chr5A	922006	925006	8
chr5A	958460	961460	4
chr5A	109457	112457	4
chr5B	10000	13000	2
chr5B	1012547	1015547	12
chr5B	1035290	1038290	2
chr5B	1058022	1061022	14
chr5B	1092128	1095128	7
chr5B	118255	121255	1
chr5B	1119600	1122600	9
chr5B	1149066	1152066	32
chr5B	1252980	1255980	6
chr5B	1287120	1290120	4
chr5B	1309858	1312858	11
chr5B	1343968	1346968	13
chr5B	1400812	1403812	17
chr5B	1420700	1423700	9
chr5B	1434910	1437910	1
chr5B	1457648	1460648	34
chr5B	1480389	1483389	1
chr5B	1491770	1494770	1
chr5B	1531613	1534613	1
chr5B	163765	166765	7
chr5B	1560040	1563040	9
chr5B	192190	195190	1
chr5B	272420	275420	15
chr5B	329480	332480	2
chr5B	365216	368216	29
chr5B	393426	396426	135
chr5B	49825	52825	5
chr5B	409055	412055	14
chr5B	420424	423424	1
chr5B	434647	437647	14
chr5B	465940	468940	33
chr5B	500050	503050	9
chr5B	519940	522940	6
chr5B	591610	594610	4
chr5B	648553	651553	45
chr5B	691212	694212	4
chr5B	716810	719810	2
chr5B	773753	776753	2
chr5B	796490	799490	2
chr5B	819227	822227	22
chr5B	839117	842117	7
chr5B	881785	884785	2
chr5B	932977	935977	10
chr5B	960442	963442	4
chr5B	978439	981439	1
chr5D	10000	13000	7
chr5D	1045964	1048964	5
chr5D	1074378	1077378	3
chr5D	1102794	1105794	7
chr5D	1131213	1134213	15
chr5D	123702	126702	5
chr5D	1188070	1191070	2
chr5D	1205120	1208120	1
chr5D	1216495	1219495	5
chr5D	1239236	1242236	5
chr5D	1273350	1276350	5
chr5D	1296090	1299090	1
chr5D	1341596	1344596	31
chr5D	1364330	1367330	1
chr5D	146450	149450	7
chr5D	1387072	1390072	12
chr5D	1409810	1412810	1
chr5D	1427420	1430420	3
chr5D	1483800	1486800	9
chr5D	157820	160820	2
chr5D	1569156	1572156	18
chr5D	1614633	1617633	6
chr5D	1660140	1663140	5
chr5D	1705652	1708652	43
chr5D	208980	211980	2
chr5D	250397	253397	8
chr5D	279089	282089	12
chr5D	38425	41425	5
chr5D	304903	307903	70
chr5D	334035	337035	26
chr5D	362453	365453	10
chr5D	388027	391027	2
chr5D	419293	422293	8
chr5D	444863	447863	19
chr5D	476130	479130	5
chr5D	487500	490500	1
chr5D	506760	509760	9
chr5D	528682	531682	5
chr5D	66850	69850	1
chr5D	613590	616590	8
chr5D	636414	639414	6
chr5D	661476	664476	13
chr5D	727630	730630	3
chr5D	761743	764743	7
chr5D	790155	793155	24
chr5D	818567	821567	7
chr5D	838457	841457	6
chr5D	95275	98275	10
chr5D	864040	867040	1
chr5D	886790	889790	2
chr5D	909530	912530	5
chr5D	920900	923900	4
chr5D	932270	935270	3
chr5D	955010	958010	1
chr5D	966384	969384	2
chr5D	989123	992123	12
chr5D	1009010	1012010	1
chr6A	10000	13000	6
chr6A	112470	115470	5
chr6A	204400	207400	1
chr6A	267165	270165	17
chr6A	306198	309198	26
chr6A	326907	329907	8
chr6A	44140	47140	13
chr6A	386810	389810	4
chr6A	456866	459866	6
chr6A	482845	485845	40
chr6A	500710	503710	1
chr6A	512080	515080	82
chr6A	534820	537820	25
chr6A	562110	565110	25
chr6A	594527	597527	3
chr6A	625820	628820	8
chr6A	672260	675260	1
chr6A	695676	698676	7
chr6A	724264	727264	2
chr6A	746995	749995	2
chr6A	775840	778840	2
chr6A	89720	92720	1
chr6A	833340	836340	1
chr6A	856080	859080	2
chr6A	890193	893193	11
chr6A	915763	918763	3
chr6A	101095	104095	1
chr6A	964115	967115	14
chr6A	981170	984170	4
chr6A	998225	1001225	18
chr6B	22990	25990	25
chr6B	181200	184200	7
chr6B	215340	218340	6
chr6B	255170	258170	12
chr6B	283600	286600	1
chr6B	306340	309340	4
chr6B	363220	366220	6
chr6B	385965	388965	2
chr6B	403030	406030	1
chr6B	49780	52780	2
chr6B	420100	423100	40
chr6B	431470	434470	2
chr6B	455830	458830	63
chr6B	481812	484812	137
chr6B	511037	514037	64
chr6B	529981	532981	5
chr6B	567880	570880	10
chr6B	66830	69830	2
chr6B	590620	593620	8
chr6B	615254	618254	2
chr6B	638933	641933	11
chr6B	692967	695967	20
chr6B	712857	715857	3
chr6B	761206	764206	3
chr6B	812400	815400	9
chr6B	851244	854244	6
chr6B	872080	875080	2
chr6B	100970	103970	8
chr6B	926185	929185	7
chr6B	960295	963295	14
chr6B	988720	991720	13
chr6D	10000	13000	3
chr6D	1064436	1067436	1
chr6D	1128736	1131736	3
chr6D	1141150	1144150	1
chr6D	21370	24370	1
chr6D	1152520	1155520	2
chr6D	1175262	1178262	15
chr6D	1209368	1212368	20
chr6D	181027	184027	27
chr6D	209444	212444	8
chr6D	232175	235175	6
chr6D	271967	274967	7
chr6D	317480	320480	1
chr6D	44107	47107	21
chr6D	362983	365983	16
chr6D	410351	413351	11
chr6D	436875	439875	14
chr6D	453930	456930	1
chr6D	475719	478719	24
chr6D	510771	513771	29
chr6D	537295	540295	92
chr6D	565988	568988	29
chr6D	595079	598079	7
chr6D	622825	625825	7
chr6D	671610	674610	2
chr6D	711440	714440	8
chr6D	751270	754270	2
chr6D	774060	777060	1
chr6D	796850	799850	2
chr6D	830956	833956	3
chr6D	858422	861422	3
chr6D	876420	879420	3
chr6D	101050	104050	10
chr6D	950710	953710	20
chr6D	1001902	1004902	5
chr7A	15685	18685	92
chr7A	1013330	1016330	6
chr7A	1047444	1050444	8
chr7A	1070180	1073180	6
chr7A	1081560	1084560	2
chr7A	1092930	1095930	12
chr7A	1127035	1130035	21
chr7A	1207010	1210010	5
chr7A	1235433	1238433	12
chr7A	1275260	1278260	3
chr7A	1298009	1301009	8
chr7A	1343518	1346518	10
chr7A	1363405	1366405	2
chr7A	160303	163303	7
chr7A	228550	231550	5
chr7A	239925	242925	1
chr7A	251300	254300	6
chr7A	285403	288403	7
chr7A	38440	41440	1
chr7A	330910	333910	21
chr7A	353657	356657	5
chr7A	376400	379400	5
chr7A	412402	415402	6
chr7A	444620	447620	1
chr7A	61195	64195	12
chr7A	535790	538790	2
chr7A	581263	584263	17
chr7A	610627	613627	7
chr7A	639988	642988	58
chr7A	668950	671950	69
chr7A	695565	698565	62
chr7A	78855	81855	1
chr7A	714827	717827	1
chr7A	734725	737725	18
chr7A	751780	754780	2
chr7A	776408	779408	8
chr7A	808620	811620	1
chr7A	90830	93830	1
chr7A	840837	843837	24
chr7A	872091	875091	7
chr7A	888190	891190	2
chr7A	922340	925340	5
chr7A	956480	959480	1
chr7A	967850	970850	1
chr7A	984905	987905	6
chr7A	1001960	1004960	2
chr7B	1024840	1027840	3
chr7B	112530	115530	1
chr7B	1058980	1061980	7
chr7B	1104560	1107560	6
chr7B	1138672	1141672	40
chr7B	21363	24363	8
chr7B	1167088	1170088	4
chr7B	1184140	1187140	4
chr7B	1195510	1198510	14
chr7B	135280	138280	1
chr7B	158007	161007	4
chr7B	186423	189423	1
chr7B	209155	212155	3
chr7B	260346	263346	2
chr7B	318847	321847	7
chr7B	339960	342960	1
chr7B	351330	354330	4
chr7B	408277	411277	2
chr7B	437637	440637	4
chr7B	465102	468102	46
chr7B	494327	497327	2
chr7B	520309	523309	197
chr7B	567440	570440	15
chr7B	590179	593179	8
chr7B	617649	620649	3
chr7B	658387	661387	58
chr7B	717158	720158	12
chr7B	755055	758055	2
chr7B	792032	795032	7
chr7B	89789	92789	1
chr7B	823310	826310	6
chr7B	875220	878220	3
chr7B	933323	936323	7
chr7B	961302	964302	11
chr7B	985010	988010	12
chr7D	15685	18685	31
chr7D	1036630	1039630	7
chr7D	1056770	1059770	5
chr7D	1105124	1108124	20
chr7D	1144916	1147916	4
chr7D	123730	126730	5
chr7D	1173340	1176340	1
chr7D	1184710	1187710	2
chr7D	1201766	1204766	6
chr7D	1241558	1244558	9
chr7D	135100	138100	4
chr7D	1267205	1270205	2
chr7D	1321564	1324564	13
chr7D	1341450	1344450	1
chr7D	146470	149470	2
chr7D	1379079	1382079	7
chr7D	1436662	1439662	3
chr7D	1462232	1465232	10
chr7D	1482130	1485130	3
chr7D	1493505	1496505	16
chr7D	1518140	1521140	15
chr7D	1536134	1539134	1
chr7D	1573086	1576086	7
chr7D	180577	183577	4
chr7D	200467	203467	3
chr7D	254480	257480	9
chr7D	282900	285900	5
chr7D	38440	41440	1
chr7D	347350	350350	8
chr7D	393485	396485	7
chr7D	410540	413540	1
chr7D	421910	424910	5
chr7D	458455	461455	36
chr7D	475910	478910	2
chr7D	512864	515864	1
chr7D	61195	64195	3
chr7D	529920	532920	7
chr7D	546975	549975	2
chr7D	570560	573560	8
chr7D	628966	631966	6
chr7D	652080	655080	8
chr7D	672550	675550	4
chr7D	78250	81250	1
chr7D	695290	698290	6
chr7D	740796	743796	10
chr7D	767320	770320	30
chr7D	791946	794946	5
chr7D	821076	824076	21
chr7D	850023	853023	136
chr7D	867830	870830	14
chr7D	880560	883560	1
chr7D	905650	908650	7
chr7D	100986	103986	3
chr7D	922705	925705	2
chr7D	939760	942760	16
chr7D	979552	982552	18
chr7D	1007965	1010965	3
