chr1A	10000	13000	6.6339
chr1A	44150	47150	4.10717
chr1A	136080	139080	11.4032
chr1A	215859	218859	3.46859
chr1A	324350	327350	1.34017
chr1A	352774	355774	2.72828
chr1A	378348	381348	1.62187
chr1A	415300	418300	2.12221
chr1A	455120	458120	0.485215
chr1A	466495	469495	0.598056
chr1A	477867	480867	1.04658
chr1A	502504	505504	1.21399
chr1A	526183	529183	0.625913
chr1A	568817	571817	1.88958
chr1A	624019	627019	3.41186
chr1A	682516	685516	1.70918
chr1A	750759	753759	2.14556
chr1A	776333	779333	4.32243
chr1A	819000	822000	3.70157
chr1A	864550	867550	5.0422
chr1A	887360	890360	4.03899
chr1A	980240	983240	2.44008
chr1A	1060850	1063850	0.89786
chr1A	1106902	1109902	3.76681
chr1A	1135318	1138318	2.12716
chr1A	1158623	1161623	3.73015
chr1A	1176830	1179830	4.92384
chr1A	1188780	1191780	0.863882
chr1B	10000	13000	1.10874
chr1B	21370	24370	4.2698
chr1B	78253	81253	5.54436
chr1B	103847	106847	7.32955
chr1B	123760	126760	5.50449
chr1B	146500	149500	9.51742
chr1B	192013	195013	2.60517
chr1B	226119	229119	5.23994
chr1B	266893	269893	1.88785
chr1B	294370	297370	1.98232
chr1B	321842	324842	1.75816
chr1B	339840	342840	0.649686
chr1B	385428	388428	3.17928
chr1B	408480	411480	0.500538
chr1B	456000	459000	0.615483
chr1B	481844	484844	0.9424
chr1B	511214	514214	1.09582
chr1B	556690	559690	1.21238
chr1B	590800	593800	1.10594
chr1B	636306	639306	0.589907
chr1B	656205	659205	1.62383
chr1B	670420	673420	2.11199
chr1B	716000	719000	3.51041
chr1B	738740	741740	1.21942
chr1B	761480	764480	1.94836
chr1B	787053	790053	3.64794
chr1B	818319	821319	4.27422
chr1B	841070	844070	0.978072
chr1B	880895	883895	2.79867
chr1B	909316	912316	1.03568
chr1B	929207	932207	3.57737
chr1B	966190	969190	15.1876
chr1B	1006020	1009020	2.95956
chr1B	1023080	1026080	6.24707
chr1B	1068554	1071554	2.7553
chr1B	1102660	1105660	4.49133
chr1B	1125396	1128396	4.1159
chr1B	1148140	1151140	2.07107
chr1D	21363	24363	4.567
chr1D	41257	44257	1.73854
chr1D	75225	78225	2.83509
chr1D	96607	99607	5.74647
chr1D	129370	132370	7.09818
chr1D	157790	160790	1.3906
chr1D	197620	200620	3.70938
chr1D	226050	229050	1.61296
chr1D	317030	320030	0.751659
chr1D	339820	342820	3.47256
chr1D	368295	371295	1.36106
chr1D	396719	399719	2.47524
chr1D	428315	431315	2.34241
chr1D	456575	459575	1.98437
chr1D	487673	490673	0.722366
chr1D	514668	517668	0.491028
chr1D	533140	536140	0.695373
chr1D	544510	547510	1.27694
chr1D	567247	570247	1.23482
chr1D	601350	604350	0.317892
chr1D	624094	627094	3.65286
chr1D	669573	672573	2.70434
chr1D	697985	700985	5.12648
chr1D	726397	729397	1.59812
chr1D	760504	763504	2.98312
chr1D	787784	790784	1.316
chr1D	817350	820350	3.89117
chr1D	851457	854457	6.98247
chr1D	871347	874347	3.78041
chr1D	902615	905615	4.50346
chr1D	948125	951125	3.01517
chr1D	982230	985230	2.0251
chr1D	1010660	1013660	3.3313
chr1D	1022030	1025030	2.32467
chr1D	1044768	1047768	4.94832
chr1D	1107606	1110606	3.96503
chr1D	1136100	1139100	3.97966
chr1D	1158840	1161840	1.06577
chr1D	1181582	1184582	1.58557
chr1D	1210000	1213000	1.52791
chr1D	1238412	1241412	3.14213
chr1D	1266826	1269826	0.893607
chr1D	1283870	1286870	1.97711
chr1D	1306620	1309620	2.37918
chr1D	1369183	1372183	2.51337
chr2A	15685	18685	3.02245
chr2A	49790	52790	7.22695
chr2A	118219	121219	2.64093
chr2A	158050	161050	4.51347
chr2A	192190	195190	7.88972
chr2A	203565	206565	5.2654
chr2A	224022	227022	3.13438
chr2A	305990	308990	9.10048
chr2A	340093	343093	2.43778
chr2A	408407	411407	3.65683
chr2A	428297	431297	1.27998
chr2A	499750	502750	2.31051
chr2A	522486	525486	1.36367
chr2A	602340	605340	0.546257
chr2A	628332	631332	1.64406
chr2A	671440	674440	1.95197
chr2A	694745	697745	2.28582
chr2A	718050	721050	0.443887
chr2A	729935	732935	3.13108
chr2A	752346	755346	2.28949
chr2A	773077	776077	2.3967
chr2A	832866	835866	1.32062
chr2A	861282	864282	3.74407
chr2A	902966	905966	1.53335
chr2A	926076	929076	4.37888
chr2B	10000	13000	4.36037
chr2B	55580	58580	1.6549
chr2B	84005	87005	4.57978
chr2B	129505	132505	30.2416
chr2B	157943	160943	2.84785
chr2B	186355	189355	5.08061
chr2B	203400	206400	4.18154
chr2B	231830	234830	3.6534
chr2B	265940	268940	1.68209
chr2B	351596	354596	3.70519
chr2B	380010	383010	3.21506
chr2B	402740	405740	3.46678
chr2B	419795	422795	7.13781
chr2B	431170	434170	2.16582
chr2B	476750	479750	0.691025
chr2B	523880	526880	1.47354
chr2B	556360	559360	1.42243
chr2B	584784	587784	1.24555
chr2B	614015	617015	0.544451
chr2B	639725	642725	0.802821
chr2B	668145	671145	1.16099
chr2B	696024	699024	1.82473
chr2B	724985	727985	1.74736
chr2B	789515	792515	1.64966
chr2B	846365	849365	1.54069
chr2B	874790	877790	4.32162
chr2B	891860	894860	4.66072
chr2B	914615	917615	6.40865
chr2B	934790	937790	12.301
chr2B	963229	966229	7.03774
chr2B	988543	991543	3.35152
chr2B	1016961	1019961	1.31214
chr2B	1056748	1059748	2.10795
chr2B	1076640	1079640	1.71937
chr2B	1125060	1128060	3.37305
chr2D	21367	24367	5.39636
chr2D	46938	49938	5.14732
chr2D	83890	86890	3.67176
chr2D	112310	115310	6.05044
chr2D	132207	135207	1.8081
chr2D	146420	149420	2.30739
chr2D	157795	160795	7.42639
chr2D	169170	172170	4.0457
chr2D	213292	216292	5.5981
chr2D	257719	260719	4.32776
chr2D	286145	289145	6.81779
chr2D	312610	315610	8.71824
chr2D	354355	357355	1.94341
chr2D	382780	385780	1.13079
chr2D	411205	414205	3.17177
chr2D	456715	459715	1.13434
chr2D	496507	499507	1.6173
chr2D	541983	544983	1.32358
chr2D	564720	567720	1.72728
chr2D	576090	579090	1.8154
chr2D	610197	613197	1.2664
chr2D	639425	642425	1.01582
chr2D	667027	670027	0.662462
chr2D	686919	689919	1.85292
chr2D	701130	704130	1.91402
chr2D	725761	728761	2.56756
chr2D	753227	756227	1.76224
chr2D	780693	783693	1.59729
chr2D	810057	813057	2.78867
chr2D	826160	829160	3.24138
chr2D	848900	851900	3.48022
chr3A	10000	13000	3.67363
chr3A	55580	58580	3.93887
chr3A	101160	104160	6.05322
chr3A	123910	126910	2.09853
chr3A	146650	149650	6.93416
chr3A	192160	195160	4.05511
chr3A	214899	217899	0.862552
chr3A	249050	252050	5.71654
chr3A	300675	303675	0.927265
chr3A	348046	351046	3.38071
chr3A	382511	385511	3.48617
chr3A	410260	413260	1.67532
chr3A	444370	447370	2.94157
chr3A	455740	458740	1.33256
chr3A	478477	481477	1.37088
chr3A	506903	509903	0.776421
chr3A	536950	539950	0.848519
chr3A	562798	565798	0.342134
chr3A	586485	589485	0.646398
chr3A	626310	629310	1.13545
chr3A	660423	663423	1.19482
chr3A	688835	691835	0.481518
chr3A	717247	720247	1.05118
chr3A	745685	748685	13.3681
chr3A	768435	771435	1.44756
chr3A	785490	788490	3.83436
chr3A	808229	811229	0.635206
chr3A	830973	833973	1.11127
chr3A	905090	908090	2.55576
chr3A	939195	942195	2.89103
chr3A	984705	987705	1.80905
chr3A	1076300	1079300	2.38407
chr3A	1127492	1130492	4.69877
chr3A	1155906	1158906	1.14682
chr3A	1207065	1210065	2.57188
chr3A	1226950	1229950	6.81996
chr3A	1252540	1255540	2.44902
chr3A	1329370	1332370	0.971718
chr3A	1366360	1369360	1.71908
chr3A	1383430	1386430	38.9332
chr3A	1400500	1403500	6.64017
chr3A	1440329	1443329	2.21511
chr3A	1537940	1540940	1.974
chr3A	1549310	1552310	13.9167
chr3A	1566366	1569366	7.50731
chr3A	1646346	1649346	1.89435
chr3A	1726313	1729313	3.89914
chr3B	15685	18685	3.54152
chr3B	84115	87115	4.77903
chr3B	123940	126940	2.42516
chr3B	169429	172429	2.94591
chr3B	197850	200850	5.60099
chr3B	237643	240643	4.29303
chr3B	271750	274750	5.12007
chr3B	328820	331820	4.52851
chr3B	340190	343190	4.33306
chr3B	379985	382985	0.949122
chr3B	408410	411410	1.3676
chr3B	435880	438880	1.75516
chr3B	467144	470144	1.03707
chr3B	492719	495719	0.436789
chr3B	523984	526984	0.579903
chr3B	550505	553505	0.726714
chr3B	578916	581916	0.628607
chr3B	598815	601815	1.75954
chr3B	624393	627393	1.35695
chr3B	676527	679527	2.53009
chr3B	703997	706997	1.60284
chr3B	760873	763873	3.34517
chr3B	794980	797980	1.28285
chr3B	806350	809350	1.67223
chr3B	824865	827865	3.1157
chr3B	926027	929027	2.78316
chr3B	945917	948917	2.70638
chr3B	1058250	1061250	3.06328
chr3B	1121062	1124062	3.48746
chr3B	1149478	1152478	2.77127
chr3B	1166530	1169530	2.85604
chr3B	1183600	1186600	42.7881
chr3B	1200670	1203670	2.20299
chr3B	1212040	1215040	2.72354
chr3B	1229093	1232093	3.07636
chr3D	15685	18685	5.39208
chr3D	55476	58476	5.01628
chr3D	81322	84322	1.63537
chr3D	125132	128132	5.31035
chr3D	153545	156545	2.42094
chr3D	170590	173590	6.783
chr3D	193340	196340	7.11559
chr3D	216080	219080	10.8185
chr3D	227450	230450	4.55113
chr3D	238820	241820	2.12043
chr3D	319050	322050	5.96338
chr3D	375996	378996	2.69665
chr3D	404410	407410	1.77614
chr3D	432823	435823	1.66117
chr3D	458402	461402	1.39718
chr3D	506830	509830	22.9999
chr3D	546730	549730	0.627476
chr3D	575155	578155	1.35686
chr3D	592210	595210	13.3932
chr3D	603580	606580	1.28208
chr3D	637686	640686	0.84258
chr3D	677480	680480	1.49047
chr3D	707527	710527	1.80011
chr3D	725797	728797	2.80662
chr3D	740010	743010	1.52819
chr3D	751380	754380	1.21971
chr3D	774119	777119	2.32437
chr3D	802536	805536	1.71218
chr3D	830953	833953	3.24155
chr3D	853690	856690	5.66011
chr3D	867910	870910	1.354
chr3D	899200	902200	1.11829
chr3D	939030	942030	4.31121
chr3D	964625	967625	11.6949
chr3D	990223	993223	4.06411
chr3D	1024330	1027330	1.77573
chr3D	1058438	1061438	6.20894
chr3D	1103910	1106910	2.07723
chr3D	1115290	1118290	3.94426
chr3D	1138022	1141022	3.99584
chr3D	1163595	1166595	1.91036
chr3D	1197710	1200710	5.88449
chr3D	1229010	1232010	4.39296
chr3D	1263114	1266114	3.01998
chr4A	10000	13000	1.36401
chr4A	49830	52830	3.49594
chr4A	101090	104090	0.820345
chr4A	163840	166840	3.58922
chr4A	197950	200950	0.384451
chr4A	243460	246460	2.25768
chr4A	309400	312400	0.744081
chr4A	369733	372733	3.01533
chr4A	395303	398303	0.982219
chr4A	449410	452410	2.25259
chr4A	489219	492219	0.618494
chr4A	529120	532120	0.674773
chr4A	554717	557717	0.644926
chr4A	586010	589010	0.606638
chr4A	605922	608922	1.10156
chr4A	633140	636140	0.396579
chr4A	655388	658388	2.45439
chr4A	745590	748590	2.81212
chr4A	774951	777951	2.52523
chr4A	791050	794050	0.711602
chr4A	825163	828163	1.59769
chr4A	845050	848050	2.6343
chr4A	927867	930867	3.99837
chr4A	973610	976610	3.12749
chr4A	1014353	1017353	3.2799
chr4A	1070593	1073593	3.25494
chr4A	1121788	1124788	2.27451
chr4A	1142626	1145626	1.91638
chr4A	1172943	1175943	2.48392
chr4A	1212738	1215738	4.73085
chr4A	1232625	1235625	3.2472
chr4A	1269575	1272575	5.49492
chr4A	1315052	1318052	1.93522
chr4A	1349160	1352160	4.79218
chr4A	1377583	1380583	2.36561
chr4A	1411693	1414693	5.27658
chr4A	1479943	1482943	6.93584
chr4A	1531210	1534210	6.36703
chr4B	15685	18685	4.63604
chr4B	78430	81430	2.12955
chr4B	138370	141370	1.8766
chr4B	161110	164110	6.01469
chr4B	200935	203935	3.9883
chr4B	263510	266510	2.13107
chr4B	331757	334757	0.507725
chr4B	357332	360332	6.25863
chr4B	400000	403000	2.3115
chr4B	434140	437140	1.01234
chr4B	468253	471253	0.431955
chr4B	513760	516760	0.47008
chr4B	525130	528130	0.71835
chr4B	539352	542352	0.341857
chr4B	564950	567950	0.447716
chr4B	592569	595569	0.55467
chr4B	618962	621962	1.51703
chr4B	674891	677891	1.3385
chr4B	692887	695887	1.74763
chr4B	724155	727155	3.29976
chr4B	765841	768841	2.24529
chr4B	783837	786837	4.21354
chr4B	832260	835260	2.35293
chr4B	843630	846630	12.8422
chr4B	860685	863685	3.86732
chr4B	906195	909195	8.06341
chr4B	940300	943300	2.71911
chr4B	974730	977730	2.24664
chr4B	988794	991794	13.992
chr4B	1014227	1017227	2.63714
chr4B	1034115	1037115	2.32261
chr4D	15685	18685	5.5026
chr4D	61195	64195	3.40295
chr4D	135160	138160	2.10853
chr4D	180740	183740	3.24517
chr4D	237810	240810	3.23753
chr4D	318030	321030	1.92591
chr4D	363620	366620	2.72186
chr4D	398000	401000	4.97074
chr4D	420915	423915	13.73
chr4D	449515	452515	2.03061
chr4D	477939	480939	1.68926
chr4D	489310	492310	2.27268
chr4D	500680	503680	0.941868
chr4D	546193	549193	0.555297
chr4D	604961	607961	2.26718
chr4D	622957	625957	1.05412
chr4D	682746	685746	1.67492
chr4D	705490	708490	3.31627
chr4D	797420	800420	4.76332
chr4D	831560	834560	8.35345
chr4D	854310	857310	3.82733
chr4D	888450	891450	2.34399
chr4D	911190	914190	0.680879
chr5A	10000	13000	0.402435
chr5A	34870	37870	1.00824
chr5A	60208	63208	1.90317
chr5A	87943	90943	1.71659
chr5A	109457	112457	0.614691
chr5A	135039	138039	1.5332
chr5A	163530	166530	0.999121
chr5A	181260	184260	2.17409
chr5A	250822	253822	6.01653
chr5A	283040	286040	2.79924
chr5A	317143	320143	2.61831
chr5A	351250	354250	0.749659
chr5A	375080	378080	10.653
chr5A	387000	390000	10.9271
chr5A	404600	407600	0.473225
chr5A	444393	447393	1.16221
chr5A	472830	475830	4.998
chr5A	495585	498585	1.55556
chr5A	529690	532690	1.58648
chr5A	580883	583883	3.48203
chr5A	603620	606620	2.46115
chr5A	614990	617990	3.46327
chr5A	683423	686423	1.90793
chr5A	752550	755550	1.95876
chr5A	793065	796065	2.48968
chr5A	832857	835857	2.75232
chr5A	901167	904167	2.3878
chr5A	922006	925006	2.62907
chr5A	958460	961460	1.12006
chr5A	1027129	1030129	5.21991
chr5A	1049870	1052870	2.56242
chr5A	1118302	1121302	3.35174
chr5B	10000	13000	0.692351
chr5B	49825	52825	2.73766
chr5B	118255	121255	0.318831
chr5B	163765	166765	5.7879
chr5B	192190	195190	1.45515
chr5B	272420	275420	3.6602
chr5B	329480	332480	1.42892
chr5B	365216	368216	1.6197
chr5B	393426	396426	0.571327
chr5B	409055	412055	0.936787
chr5B	420424	423424	2.72027
chr5B	434647	437647	1.32686
chr5B	465940	468940	1.86972
chr5B	500050	503050	1.99781
chr5B	519940	522940	0.574031
chr5B	591610	594610	1.95294
chr5B	648553	651553	2.54773
chr5B	691212	694212	4.1812
chr5B	716810	719810	2.19404
chr5B	773753	776753	0.975991
chr5B	796490	799490	5.95722
chr5B	819227	822227	1.41316
chr5B	839117	842117	2.50328
chr5B	881785	884785	0.329471
chr5B	932977	935977	1.69238
chr5B	960442	963442	3.46015
chr5B	978439	981439	0.601428
chr5B	1012547	1015547	2.46399
chr5B	1035290	1038290	7.77653
chr5B	1058022	1061022	2.18988
chr5B	1092128	1095128	1.19616
chr5B	1119600	1122600	1.67543
chr5B	1149066	1152066	3.11278
chr5B	1252980	1255980	2.73446
chr5B	1287120	1290120	1.68845
chr5B	1309858	1312858	4.33472
chr5B	1343968	1346968	7.56923
chr5B	1400812	1403812	3.9507
chr5B	1420700	1423700	4.8158
chr5B	1434910	1437910	35.2497
chr5B	1457648	1460648	4.11827
chr5B	1480389	1483389	10.4944
chr5B	1491770	1494770	3.1929
chr5B	1531613	1534613	1.14472
chr5B	1560040	1563040	2.51203
chr5D	10000	13000	2.6753
chr5D	38425	41425	2.61127
chr5D	66850	69850	1.40652
chr5D	95275	98275	1.6967
chr5D	123702	126702	2.29642
chr5D	146450	149450	1.95784
chr5D	157820	160820	7.97839
chr5D	208980	211980	0.962149
chr5D	250397	253397	2.03386
chr5D	279089	282089	2.38424
chr5D	304903	307903	0.506527
chr5D	334035	337035	1.01235
chr5D	362453	365453	0.745829
chr5D	388027	391027	0.782984
chr5D	419293	422293	1.82273
chr5D	444863	447863	2.82632
chr5D	476130	479130	3.13855
chr5D	487500	490500	2.76765
chr5D	506760	509760	2.71474
chr5D	528682	531682	1.19994
chr5D	613590	616590	1.71567
chr5D	636414	639414	2.2226
chr5D	661476	664476	1.87687
chr5D	727630	730630	1.53015
chr5D	761743	764743	2.51223
chr5D	790155	793155	8.75986
chr5D	818567	821567	4.62767
chr5D	838457	841457	1.97519
chr5D	864040	867040	2.7465
chr5D	886790	889790	4.01928
chr5D	909530	912530	3.80929
chr5D	920900	923900	14.318
chr5D	932270	935270	1.54041
chr5D	955010	958010	1.35475
chr5D	966384	969384	20.4746
chr5D	989123	992123	2.14414
chr5D	1009010	1012010	0.699599
chr5D	1045964	1048964	1.3822
chr5D	1074378	1077378	1.60493
chr5D	1102794	1105794	3.59063
chr5D	1131213	1134213	5.0087
chr5D	1188070	1191070	0.889193
chr5D	1205120	1208120	8.04324
chr5D	1216495	1219495	3.84323
chr5D	1239236	1242236	4.38262
chr5D	1273350	1276350	5.11231
chr5D	1296090	1299090	0.834585
chr5D	1341596	1344596	3.67145
chr5D	1364330	1367330	2.88932
chr5D	1387072	1390072	3.28019
chr5D	1409810	1412810	12.0709
chr5D	1427420	1430420	4.5097
chr5D	1483800	1486800	3.18745
chr5D	1569156	1572156	3.75977
chr5D	1614633	1617633	2.23642
chr5D	1660140	1663140	4.98465
chr5D	1705652	1708652	4.19705
chr6A	10000	13000	3.55419
chr6A	44140	47140	4.47757
chr6A	89720	92720	1.54574
chr6A	101095	104095	29.4273
chr6A	112470	115470	2.54457
chr6A	204400	207400	1.16182
chr6A	267165	270165	4.27799
chr6A	306198	309198	3.47353
chr6A	326907	329907	1.69505
chr6A	386810	389810	2.83106
chr6A	456866	459866	1.1495
chr6A	482845	485845	1.53774
chr6A	500710	503710	1.29232
chr6A	512080	515080	0.388915
chr6A	534820	537820	0.51165
chr6A	562110	565110	1.12341
chr6A	594527	597527	1.45299
chr6A	625820	628820	1.15904
chr6A	672260	675260	2.38241
chr6A	695676	698676	1.59002
chr6A	724264	727264	1.75116
chr6A	746995	749995	2.51528
chr6A	775840	778840	4.28267
chr6A	833340	836340	0.441472
chr6A	856080	859080	3.19631
chr6A	890193	893193	3.90558
chr6A	915763	918763	3.23952
chr6A	964115	967115	3.07387
chr6A	981170	984170	22.3506
chr6A	998225	1001225	3.76122
chr6B	22990	25990	4.62663
chr6B	49780	52780	3.39685
chr6B	66830	69830	3.70216
chr6B	100970	103970	6.47459
chr6B	181200	184200	2.52253
chr6B	215340	218340	3.99002
chr6B	255170	258170	7.23916
chr6B	283600	286600	0.650072
chr6B	306340	309340	2.06464
chr6B	363220	366220	2.05422
chr6B	385965	388965	6.5733
chr6B	403030	406030	5.95578
chr6B	420100	423100	4.62681
chr6B	431470	434470	1.47651
chr6B	455830	458830	1.55283
chr6B	481812	484812	0.637023
chr6B	511037	514037	0.620624
chr6B	529981	532981	1.60304
chr6B	567880	570880	2.91986
chr6B	590620	593620	1.30712
chr6B	615254	618254	0.617669
chr6B	638933	641933	1.77667
chr6B	692967	695967	3.90357
chr6B	712857	715857	1.46064
chr6B	761206	764206	1.76064
chr6B	812400	815400	2.94805
chr6B	851244	854244	1.89928
chr6B	872080	875080	1.10098
chr6B	926185	929185	3.3193
chr6B	960295	963295	5.15473
chr6B	988720	991720	5.85235
chr6D	10000	13000	2.41072
chr6D	21370	24370	15.507
chr6D	44107	47107	8.28344
chr6D	101050	104050	7.93978
chr6D	181027	184027	7.54169
chr6D	209444	212444	4.26069
chr6D	232175	235175	3.89648
chr6D	271967	274967	3.45727
chr6D	317480	320480	2.06329
chr6D	362983	365983	4.49395
chr6D	410351	413351	2.69308
chr6D	436875	439875	2.66558
chr6D	453930	456930	1.21105
chr6D	475719	478719	1.93428
chr6D	510771	513771	1.4324
chr6D	537295	540295	0.580526
chr6D	565988	568988	1.14035
chr6D	595079	598079	1.37227
chr6D	622825	625825	1.37888
chr6D	671610	674610	14.5131
chr6D	711440	714440	3.64623
chr6D	751270	754270	1.75038
chr6D	774060	777060	10.1652
chr6D	796850	799850	6.86931
chr6D	830956	833956	2.08844
chr6D	858422	861422	1.50339
chr6D	876420	879420	2.41595
chr6D	950710	953710	6.38665
chr6D	1001902	1004902	3.25671
chr6D	1064436	1067436	1.12919
chr6D	1128736	1131736	6.25463
chr6D	1141150	1144150	4.30322
chr6D	1152520	1155520	13.2427
chr6D	1175262	1178262	2.85639
chr6D	1209368	1212368	5.05202
chr7A	15685	18685	5.9364
chr7A	38440	41440	4.68386
chr7A	61195	64195	5.61498
chr7A	78855	81855	10.8871
chr7A	90830	93830	3.50564
chr7A	160303	163303	1.72756
chr7A	228550	231550	1.87493
chr7A	239925	242925	20.0369
chr7A	251300	254300	16.0523
chr7A	285403	288403	2.23571
chr7A	330910	333910	3.59892
chr7A	353657	356657	4.42122
chr7A	376400	379400	1.26164
chr7A	412402	415402	3.10686
chr7A	444620	447620	1.93699
chr7A	535790	538790	0.916737
chr7A	581263	584263	2.68967
chr7A	610627	613627	1.0286
chr7A	639988	642988	0.909777
chr7A	668950	671950	0.414965
chr7A	695565	698565	0.947268
chr7A	714827	717827	0.490237
chr7A	734725	737725	1.7921
chr7A	751780	754780	4.28008
chr7A	776408	779408	2.46828
chr7A	808620	811620	0.852944
chr7A	840837	843837	2.65861
chr7A	872091	875091	3.81253
chr7A	888190	891190	2.68879
chr7A	922340	925340	12.2519
chr7A	956480	959480	1.79153
chr7A	967850	970850	48.0238
chr7A	984905	987905	1.25526
chr7A	1001960	1004960	2.86061
chr7A	1013330	1016330	3.46564
chr7A	1047444	1050444	2.24638
chr7A	1070180	1073180	1.85135
chr7A	1081560	1084560	8.91421
chr7A	1092930	1095930	4.37571
chr7A	1127035	1130035	3.19748
chr7A	1207010	1210010	3.81365
chr7A	1235433	1238433	3.61598
chr7A	1275260	1278260	3.32511
chr7A	1298009	1301009	22.2836
chr7A	1343518	1346518	3.02641
chr7A	1363405	1366405	2.29969
chr7B	21363	24363	4.1155
chr7B	89789	92789	2.51795
chr7B	112530	115530	1.89656
chr7B	135280	138280	3.3054
chr7B	158007	161007	3.45922
chr7B	186423	189423	1.04537
chr7B	209155	212155	1.92916
chr7B	260346	263346	0.662203
chr7B	318847	321847	1.38703
chr7B	339960	342960	6.22405
chr7B	351330	354330	14.7863
chr7B	408277	411277	0.72394
chr7B	437637	440637	0.854432
chr7B	465102	468102	1.44277
chr7B	494327	497327	0.759622
chr7B	520309	523309	0.57222
chr7B	567440	570440	0.681936
chr7B	590179	593179	2.65696
chr7B	617649	620649	2.21415
chr7B	658387	661387	1.87477
chr7B	717158	720158	1.85174
chr7B	755055	758055	0.786788
chr7B	792032	795032	2.56684
chr7B	823310	826310	3.2935
chr7B	875220	878220	0.774719
chr7B	933323	936323	2.31827
chr7B	961302	964302	2.61007
chr7B	985010	988010	2.2774
chr7B	1024840	1027840	2.5001
chr7B	1058980	1061980	6.9333
chr7B	1104560	1107560	2.29085
chr7B	1138672	1141672	3.25773
chr7B	1167088	1170088	3.30316
chr7B	1184140	1187140	25.7243
chr7B	1195510	1198510	3.22826
chr7D	15685	18685	5.41832
chr7D	38440	41440	8.39236
chr7D	61195	64195	1.04057
chr7D	78250	81250	8.99863
chr7D	100986	103986	2.24464
chr7D	123730	126730	6.68565
chr7D	135100	138100	4.56712
chr7D	146470	149470	1.66956
chr7D	180577	183577	4.01484
chr7D	200467	203467	5.16713
chr7D	254480	257480	3.94021
chr7D	282900	285900	6.18664
chr7D	347350	350350	1.78696
chr7D	393485	396485	3.63748
chr7D	410540	413540	14.0109
chr7D	421910	424910	3.14369
chr7D	458455	461455	3.81789
chr7D	475910	478910	1.35037
chr7D	512864	515864	17.3025
chr7D	529920	532920	1.97859
chr7D	546975	549975	4.70326
chr7D	570560	573560	3.89115
chr7D	628966	631966	2.10622
chr7D	652080	655080	3.53301
chr7D	672550	675550	6.28483
chr7D	695290	698290	1.45843
chr7D	740796	743796	1.75114
chr7D	767320	770320	1.9103
chr7D	791946	794946	1.15347
chr7D	821076	824076	1.24746
chr7D	850023	853023	0.630099
chr7D	867830	870830	1.68846
chr7D	880560	883560	2.33995
chr7D	905650	908650	1.3617
chr7D	922705	925705	23.6818
chr7D	939760	942760	1.95696
chr7D	979552	982552	2.47836
chr7D	1007965	1010965	1.3088
chr7D	1036630	1039630	1.87706
chr7D	1056770	1059770	4.94208
chr7D	1105124	1108124	3.26008
chr7D	1144916	1147916	6.37968
chr7D	1173340	1176340	1.48085
chr7D	1184710	1187710	3.83306
chr7D	1201766	1204766	1.63982
chr7D	1241558	1244558	2.50227
chr7D	1267205	1270205	3.79374
chr7D	1321564	1324564	3.1918
chr7D	1341450	1344450	2.78234
chr7D	1379079	1382079	5.08573
chr7D	1436662	1439662	2.02694
chr7D	1462232	1465232	10.0167
chr7D	1482130	1485130	7.6945
chr7D	1493505	1496505	3.54268
chr7D	1518140	1521140	5.24038
chr7D	1536134	1539134	5.37759
chr7D	1573086	1576086	1.70289
